URL: http://data.giss.nasa.gov/gistemp/tabledata_v3/GLB.Ts+dSST.txt

Year,Jan,Feb,Mar,Apr,May,Jun,Jul,Aug,Sep,Oct,Nov,Dec,J-D,D-N,DJF,MAM,JJA,SON
1880,-34,-27,-23,-31,-17,-24,-20,-12,-21,-19,-17,-22,-22,NA,NA,-24,-18,-19
1881,-14,-16,-2,-2,-2,-25,-11,-7,-17,-23,-27,-17,-14,-14,-17,-2,-14,-22
1882,3,6,-1,-23,-19,-32,-26,-10,-12,-25,-24,-37,-17,-15,-3,-15,-23,-20
1883,-38,-37,-12,-19,-20,-7,-2,-13,-20,-19,-28,-19,-20,-21,-38,-17,-8,-22
1884,-19,-14,-30,-35,-33,-35,-31,-24,-29,-25,-28,-26,-27,-27,-17,-33,-30,-27
1885,-56,-29,-18,-36,-34,-39,-28,-24,-18,-14,-12,2,-25,-28,-37,-29,-30,-15
1886,-37,-42,-33,-22,-20,-29,-11,-20,-12,-22,-27,-17,-24,-23,-26,-25,-20,-20
1887,-59,-42,-25,-32,-27,-24,-18,-28,-24,-33,-28,-40,-32,-30,-39,-28,-24,-28
1888,-42,-40,-38,-24,-25,-20,-10,-13,-10,-3,0,-9,-20,-22,-41,-29,-14,-5
1889,-17,17,8,8,0,-10,-12,-18,-18,-21,-31,-29,-10,-8,-3,5,-13,-23
1890,-41,-37,-37,-34,-43,-28,-24,-32,-31,-20,-43,-29,-33,-33,-36,-38,-28,-31
1891,-41,-49,-18,-26,-20,-26,-25,-21,-17,-27,-40,-11,-27,-28,-40,-21,-24,-28
1892,-35,-15,-35,-38,-35,-31,-34,-28,-20,-18,-47,-43,-32,-29,-20,-36,-31,-28
1893,-84,-59,-28,-36,-44,-34,-17,-28,-24,-22,-20,-38,-36,-37,-62,-36,-26,-22
1894,-54,-33,-24,-46,-38,-41,-26,-21,-26,-23,-34,-25,-33,-34,-42,-36,-29,-27
1895,-50,-48,-29,-23,-30,-27,-19,-18,-10,-13,-15,-19,-25,-26,-41,-27,-21,-13
1896,-31,-20,-33,-39,-24,-17,-10,-10,-8,3,-16,-13,-18,-19,-23,-32,-12,-7
1897,-21,-21,-24,-12,-11,-22,-13,-18,-14,-19,-24,-27,-19,-18,-18,-16,-18,-19
1898,-13,-38,-56,-35,-36,-25,-27,-27,-24,-36,-39,-26,-32,-32,-26,-43,-27,-33
1899,-20,-39,-36,-21,-26,-36,-20,-14,-8,-7,6,-29,-21,-21,-28,-27,-23,-3
1900,-37,-3,2,-16,-15,-21,-19,-15,-15,-5,-19,-13,-15,-16,-23,-10,-18,-13
1901,-32,-7,1,-12,-23,-17,-18,-22,-26,-35,-25,-33,-21,-19,-17,-11,-19,-28
1902,-20,-3,-29,-30,-34,-37,-29,-32,-27,-35,-41,-47,-30,-29,-19,-31,-33,-34
1903,-25,0,-19,-38,-40,-46,-35,-42,-45,-47,-44,-52,-36,-36,-24,-32,-41,-45
1904,-65,-54,-42,-50,-49,-44,-46,-43,-47,-37,-17,-25,-43,-46,-57,-47,-44,-34
1905,-32,-60,-27,-34,-31,-31,-30,-26,-22,-27,-11,-23,-30,-30,-39,-31,-29,-20
1906,-29,-32,-15,-7,-24,-25,-32,-25,-30,-28,-47,-20,-26,-26,-28,-15,-28,-35
1907,-45,-53,-32,-44,-51,-45,-38,-36,-33,-26,-52,-51,-42,-40,-40,-42,-40,-37
1908,-44,-35,-56,-44,-38,-41,-41,-45,-34,-44,-49,-48,-43,-44,-43,-46,-43,-42
1909,-65,-46,-50,-56,-55,-51,-41,-30,-36,-40,-33,-55,-47,-46,-53,-54,-41,-36
1910,-45,-44,-48,-46,-44,-45,-36,-37,-39,-44,-55,-66,-46,-45,-48,-46,-39,-46
1911,-63,-58,-63,-54,-52,-50,-40,-41,-38,-27,-22,-25,-44,-48,-62,-56,-44,-29
1912,-29,-18,-41,-28,-29,-31,-47,-59,-55,-63,-45,-48,-41,-39,-24,-33,-46,-54
1913,-47,-47,-45,-41,-49,-48,-38,-38,-39,-41,-25,-10,-39,-42,-48,-45,-41,-35
1914,-3,-18,-26,-32,-26,-31,-35,-25,-23,-12,-24,-16,-23,-22,-10,-28,-30,-20
1915,-25,-8,-16,-4,-15,-20,-11,-20,-18,-25,-12,-22,-16,-16,-16,-12,-17,-18
1916,-20,-23,-32,-32,-34,-46,-33,-34,-34,-32,-40,-74,-36,-32,-22,-33,-38,-36
1917,-43,-55,-52,-45,-58,-44,-25,-29,-28,-44,-33,-72,-44,-44,-57,-52,-33,-35
1918,-44,-35,-26,-45,-41,-34,-29,-32,-22,-11,-21,-38,-32,-34,-51,-37,-32,-18
1919,-26,-28,-29,-23,-33,-34,-29,-26,-23,-21,-39,-37,-29,-29,-31,-28,-30,-28
1920,-15,-23,-5,-23,-23,-28,-26,-29,-31,-38,-38,-49,-27,-26,-25,-17,-28,-35
1921,-6,-21,-24,-27,-27,-23,-13,-26,-21,-15,-23,-22,-21,-23,-26,-26,-21,-20
1922,-34,-43,-19,-24,-33,-33,-27,-33,-33,-34,-19,-22,-29,-29,-33,-25,-31,-28
1923,-27,-35,-30,-38,-35,-27,-34,-32,-30,-15,-2,-5,-26,-27,-28,-34,-31,-16
1924,-21,-21,-8,-31,-21,-26,-26,-30,-27,-31,-15,-36,-24,-22,-16,-20,-27,-24
1925,-33,-34,-24,-22,-32,-35,-29,-20,-18,-21,-2,6,-22,-25,-34,-26,-28,-14
1926,15,7,12,-12,-23,-24,-22,-15,-11,-10,-6,-25,-9,-7,9,-8,-20,-9
1927,-23,-16,-34,-29,-19,-25,-18,-22,-9,1,-3,-32,-19,-19,-21,-28,-21,-4
1928,1,-6,-25,-24,-26,-34,-17,-23,-18,-17,-5,-13,-17,-19,-12,-25,-24,-13
1929,-39,-52,-30,-37,-33,-39,-34,-28,-21,-12,-10,-49,-32,-29,-35,-33,-33,-14
1930,-23,-21,-5,-21,-22,-19,-17,-13,-12,-9,15,-3,-12,-16,-31,-16,-16,-2
1931,-4,-19,-6,-15,-19,-9,-3,-3,-6,2,-7,-4,-8,-8,-9,-13,-5,-3
1932,16,-15,-14,0,-15,-25,-20,-19,-5,-1,-19,-17,-11,-10,-1,-10,-21,-8
1933,-26,-27,-25,-22,-24,-30,-19,-21,-24,-21,-28,-41,-26,-24,-24,-24,-23,-24
1934,-19,0,-29,-28,-7,-10,-5,-9,-16,-6,6,0,-10,-14,-20,-21,-8,-5
1935,-30,17,-9,-31,-25,-19,-15,-16,-14,-3,-25,-17,-16,-14,-4,-22,-17,-14
1936,-22,-33,-20,-17,-12,-14,-1,-7,-4,-2,-1,1,-11,-13,-24,-16,-7,-3
1937,-4,11,-12,-11,-2,1,0,6,14,12,13,-4,2,3,3,-8,2,13
1938,10,4,15,11,-1,-9,1,1,9,17,11,-14,5,5,3,8,-2,13
1939,-2,-2,-16,-6,-1,-5,-5,-6,-4,-2,4,40,0,-5,-6,-8,-5,0
1940,-12,8,9,15,6,3,7,-2,9,6,8,12,6,8,12,10,3,8
1941,5,19,-1,9,10,5,13,5,-8,16,6,7,7,8,12,6,8,5
1942,27,2,7,8,7,2,-2,-4,-4,0,5,7,5,5,12,7,-1,0
1943,-12,10,-7,8,4,-7,6,0,4,21,15,19,5,4,1,2,0,13
1944,30,18,18,10,12,9,11,9,18,16,5,-3,13,15,23,13,9,13
1945,2,-10,-1,9,-2,-9,-6,15,7,9,1,-16,0,1,-4,2,0,5
1946,14,6,-4,3,-11,-17,-11,-16,-10,-14,-6,-33,-8,-7,1,-4,-14,-10
1947,-12,-9,4,3,-7,-9,-7,-9,-14,8,4,-11,-5,-7,-18,0,-8,-1
1948,12,-12,-21,-9,1,-7,-13,-15,-18,-11,-15,-20,-11,-10,-4,-10,-12,-15
1949,11,-17,-5,-12,-12,-26,-17,-12,-14,-7,-9,-18,-12,-12,-8,-10,-18,-10
1950,-29,-29,-7,-19,-11,-11,-15,-22,-13,-18,-33,-19,-19,-19,-26,-12,-16,-21
1951,-34,-43,-21,-10,3,-6,-1,6,4,9,-3,11,-7,-10,-32,-9,0,3
1952,13,11,-10,4,-1,-3,6,4,5,-3,-16,-2,1,2,12,-2,3,-5
1953,10,19,12,19,9,5,-1,7,5,6,-3,6,8,7,9,14,4,3
1954,-23,-10,-14,-15,-19,-15,-17,-15,-8,-2,9,-16,-12,-10,-9,-16,-16,0
1955,16,-16,-32,-18,-20,-11,-8,7,-11,-4,-26,-32,-13,-12,-5,-24,-4,-14
1956,-17,-24,-19,-25,-26,-15,-10,-28,-16,-23,-15,-10,-19,-21,-24,-23,-17,-18
1957,-11,-6,-6,2,8,16,3,15,6,-2,8,16,4,2,-9,1,11,4
1958,38,23,10,2,3,-8,3,-6,-5,2,3,0,5,7,26,5,-4,0
1959,10,6,17,11,3,2,3,0,-5,-7,-8,1,3,3,5,10,2,-7
1960,-3,14,-34,-16,-10,-5,-7,1,5,5,-10,17,-4,-5,4,-20,-4,0
1961,5,18,9,9,16,13,0,3,4,4,4,-15,6,8,13,12,5,4
1962,8,16,11,10,-7,8,1,-1,3,1,9,0,5,4,3,5,3,4
1963,-1,20,-13,-7,-4,3,15,24,21,14,16,2,8,7,7,-8,14,17
1964,-5,-10,-24,-31,-26,-5,-7,-22,-31,-29,-19,-28,-20,-17,-5,-27,-12,-26
1965,-6,-17,-9,-21,-9,-11,-16,-6,-14,-6,-7,-6,-11,-12,-17,-13,-11,-9
1966,-16,-1,6,-14,-9,-2,7,-6,-1,-12,0,-4,-4,-5,-8,-5,0,-5
1967,-5,-21,7,0,12,-9,3,-1,-4,11,-4,0,-1,-1,-10,6,-2,1
1968,-21,-14,25,-2,-8,-1,-6,-7,-14,12,-4,-13,-5,-3,-12,5,-5,-2
1969,-10,-13,-1,18,14,9,-5,3,8,13,16,29,7,3,-12,10,2,12
1970,9,26,7,7,-1,-1,-1,-10,12,4,3,-12,4,7,21,4,-4,6
1971,-1,-18,-16,-7,-4,-15,-7,1,2,-2,-1,-4,-6,-7,-10,-9,-7,0
1972,-23,-17,2,-2,0,8,3,17,2,7,3,20,2,0,-15,0,9,4
1973,26,33,27,27,23,17,10,3,9,12,5,-6,15,18,26,26,10,8
1974,-15,-26,-5,-11,-2,-6,-2,11,-9,-6,-8,-8,-7,-7,-16,-6,1,-8
1975,9,7,15,3,16,1,0,-19,-4,-9,-16,-18,-1,0,3,12,-6,-10
1976,-4,-8,-23,-9,-21,-14,-9,-15,-7,-26,-8,4,-12,-13,-10,-18,-13,-14
1977,12,17,21,23,30,26,20,16,-2,-1,15,3,15,15,11,25,21,4
1978,6,11,17,12,4,-1,5,-16,7,0,13,6,5,5,7,11,-4,7
1979,10,-11,15,11,-1,9,-2,10,19,18,24,42,12,9,2,8,5,20
1980,24,35,25,29,29,14,22,22,17,12,23,15,22,24,33,28,19,18
1981,52,37,45,27,19,26,29,30,11,7,17,35,28,26,35,31,28,12
1982,4,12,-7,4,10,0,11,5,9,8,9,38,9,8,17,3,5,9
1983,49,35,37,27,33,16,13,27,34,11,27,12,27,29,40,32,19,24
1984,25,11,24,6,30,2,13,12,14,8,0,-8,11,13,16,20,9,8
1985,19,-9,12,5,12,14,-5,10,8,8,5,10,7,6,1,10,6,7
1986,24,32,24,21,22,10,9,8,0,8,5,10,14,14,22,22,9,4
1987,30,41,12,21,20,31,40,21,32,25,20,43,28,25,27,18,31,26
1988,52,36,45,38,39,38,27,36,33,33,6,27,34,35,44,41,34,24
1989,10,30,31,25,13,12,29,28,32,27,14,32,23,23,22,23,23,24
1990,34,35,71,49,40,33,38,26,22,38,41,37,39,38,34,53,32,34
1991,38,46,31,46,33,49,46,37,41,25,27,29,37,38,40,37,44,31
1992,41,37,43,21,28,21,7,4,-5,3,0,17,18,19,36,30,11,-1
1993,33,35,33,21,23,17,20,8,5,18,4,16,19,19,28,26,15,9
1994,27,-2,24,37,25,36,26,18,30,37,42,35,28,26,14,29,27,36
1995,48,75,42,44,26,42,46,44,26,46,41,27,42,43,53,37,44,38
1996,24,46,30,30,30,23,36,47,24,19,39,39,32,31,33,30,35,27
1997,30,36,52,35,35,51,33,39,51,58,61,58,45,43,35,41,41,57
1998,59,86,62,62,67,73,66,68,44,42,47,55,61,61,68,64,69,44
1999,47,65,31,33,29,37,38,35,36,37,36,44,39,40,56,31,37,37
2000,23,55,55,57,39,41,39,42,40,24,30,28,40,41,41,51,41,31
2001,41,45,56,49,55,51,57,51,52,48,68,52,52,50,38,53,53,56
2002,71,73,89,57,61,52,60,52,58,54,56,42,60,61,65,69,55,56
2003,72,54,55,51,60,46,53,65,62,71,53,72,59,57,56,55,55,62
2004,56,66,63,58,41,40,24,43,50,61,69,48,52,54,65,54,36,60
2005,69,54,66,66,60,63,60,60,70,75,70,65,65,63,57,64,61,71
2006,52,65,59,45,44,60,50,66,58,64,69,74,59,58,61,49,58,64
2007,93,66,67,71,63,55,57,58,60,57,54,46,62,65,78,67,57,57
2008,23,31,69,48,46,42,55,41,56,60,62,51,49,48,33,54,46,59
2009,56,48,49,56,58,61,66,61,65,59,70,57,59,58,52,55,63,64
2010,66,74,86,81,70,59,57,59,55,64,75,45,66,67,66,79,58,65
2011,46,44,58,60,47,53,69,69,53,59,50,45,54,54,45,55,64,54
2012,36,39,49,60,70,59,51,57,66,70,68,44,56,56,40,60,56,68
