"year","quarter","dpi_pc","pop1000s","presvote","wtq16","kia_permil","cumkia_permil","qcount","tenure_yrs","real_family_income_top5pct","rep_inc","preselectq","cpi_u_8284","qdates","tforchange","Bartels2008","Fair1992","Abramowitz2001","DPER1984","kia_afghan","pct_approve_june","pct_disapprove_june","electyr","G","P","Z","q2gdpchg","POP2PVOT","jobhousu","julypop","GNPxELEC","elecpres","closeinc","Fatalities"
"1",1949,1,1284,148298,NA,0.333333343267441,0,0,9,NA,63761.73,0,0,23.9433326721191,-44,NA,NA,NA,NA,0,0,NA,NA,0,NA,NA,NA,NA,NA,NA,NA,NA,NA,NA,0
"2",1949,2,1275,148891,NA,0.333333343267441,0,0,10,NA,63761.73,0,0,23.9166660308838,-43,NA,NA,NA,NA,0,0,NA,NA,0,NA,NA,NA,NA,NA,NA,NA,NA,NA,NA,0
"3",1949,3,1269,149529,NA,0.333333343267441,0,0,11,NA,63761.73,0,0,23.716667175293,-42,NA,NA,NA,NA,0,0,NA,NA,0,NA,NA,NA,NA,NA,NA,NA,NA,NA,NA,0
"4",1949,4,1272,150211,NA,0.333333343267441,0,0,12,NA,63761.73,0,0,23.6599998474121,-41,NA,NA,NA,NA,0,0,NA,NA,0,NA,NA,NA,NA,NA,NA,NA,NA,NA,NA,0
"5",1950,1,1358,150852,NA,0.333333343267441,0,0,13,NA,67260.8148148148,0,0,23.5866661071777,-40,NA,NA,NA,NA,0,0,NA,NA,0,NA,NA,NA,NA,NA,NA,NA,NA,NA,NA,0
"6",1950,2,1352,151385,NA,0.333333343267441,0,0,14,NA,67260.8148148148,0,0,23.7666664123535,-39,NA,NA,NA,NA,0,0,NA,NA,0,NA,NA,NA,NA,NA,NA,NA,NA,NA,NA,0
"7",1950,3,1396,152039,NA,0.333333343267441,63.2929725646973,0,15,NA,67260.8148148148,0,0,24.203332901001,-38,NA,NA,NA,NA,0,0,NA,NA,0,NA,NA,NA,NA,NA,NA,NA,NA,NA,NA,0
"8",1950,4,1427,152724,NA,0.333333343267441,17.3450145721436,0,16,NA,67260.8148148148,0,0,24.6933326721191,-37,NA,NA,NA,NA,0,0,NA,NA,0,NA,NA,NA,NA,NA,NA,NA,NA,NA,NA,0
"9",1951,1,1468,153336,NA,0.333333343267441,26.6147537231445,0,17,NA,65215.3455377574,0,0,25.6966667175293,-36,NA,NA,NA,NA,0,0,NA,NA,0,NA,NA,NA,NA,NA,NA,NA,NA,NA,NA,0
"10",1951,2,1497,153947,NA,0.333333343267441,22.6701393127441,0,18,NA,65215.3455377574,0,0,25.9466667175293,-35,NA,NA,NA,NA,0,0,NA,NA,0,NA,NA,NA,NA,NA,NA,NA,NA,NA,NA,0
"11",1951,3,1501,154655,NA,0.333333343267441,18.2987937927246,0,19,NA,65215.3455377574,0,0,25.9333324432373,-34,NA,NA,NA,NA,0,0,NA,NA,0,NA,NA,NA,NA,NA,NA,NA,NA,NA,NA,0
"12",1951,4,1517,155389,NA,0.333333343267441,20.5677356719971,0,20,NA,65215.3455377574,0,0,26.3166675567627,-33,NA,NA,NA,NA,0,0,NA,NA,0,NA,NA,NA,NA,NA,NA,NA,NA,NA,NA,0
"13",1952,1,1516,156033,NA,0.333333343267441,3.35185503959656,0,21,NA,67183.6179775281,0,0,26.4166660308838,-32,NA,NA,NA,NA,0,0,NA,NA,1,NA,NA,NA,NA,NA,NA,NA,NA,NA,NA,0
"14",1952,2,1529,156644,NA,0.333333343267441,6.22430467605591,0,22,NA,67183.6179775281,0,0,26.486665725708,-31,NA,NA,NA,NA,0,0,31.5,58.5,1,NA,NA,NA,0.4,NA,NA,NA,NA,NA,NA,0
"15",1952,3,1562,157324,NA,0.333333343267441,8.86069488525391,0,23,NA,67183.6179775281,0,0,26.6666660308838,-30,NA,NA,NA,NA,0,0,NA,NA,1,NA,NA,NA,NA,NA,NA,NA,NA,NA,NA,0
"16",1952,4,1589,158043,44.7098121643066,0.333333343267441,9.5670166015625,196.793273925781,24,20,67183.6179775281,0,1,26.6966667175293,-29,1,20,1.75,1,0,0,NA,NA,1,0.726000010967255,2.34899997711182,7,NA,44.5951902826076,7.97011648904153,32,0.035,0.5,0,190.415267944336
"17",1953,1,1610,158648,NA,0.333333343267441,5.11824941635132,0,25,NA,72006.0803571429,1,0,26.6200008392334,-28,NA,NA,NA,NA,0,0,NA,NA,0,NA,NA,NA,NA,NA,NA,NA,NA,NA,NA,0
"18",1953,2,1629,159234,NA,0.333333343267441,7.65540027618408,0,26,NA,72006.0803571429,1,0,26.7199993133545,-27,NA,NA,NA,NA,0,0,NA,NA,0,NA,NA,NA,NA,NA,NA,NA,NA,NA,NA,0
"19",1953,3,1624,159963,NA,0.333333343267441,5.76383304595947,0,27,NA,72006.0803571429,1,0,26.843334197998,-26,NA,NA,NA,NA,0,0,NA,NA,0,NA,NA,NA,NA,NA,NA,NA,NA,NA,NA,0
"20",1953,4,1613,160713,NA,0.333333343267441,1.53067886829376,0,28,NA,72006.0803571429,1,0,26.8899993896484,-25,NA,NA,NA,NA,0,0,NA,NA,0,NA,NA,NA,NA,NA,NA,NA,NA,NA,NA,0
"21",1954,1,1623,161389,NA,0.333333343267441,0.941823780536652,0,29,NA,72767.9734513274,1,0,26.953332901001,-24,NA,NA,NA,NA,0,0,NA,NA,0,NA,NA,NA,NA,NA,NA,NA,NA,NA,NA,0
"22",1954,2,1616,162044,NA,0.333333343267441,0.166621416807175,0,30,NA,72767.9734513274,1,0,26.9099998474121,-23,NA,NA,NA,NA,0,0,NA,NA,0,NA,NA,NA,NA,NA,NA,NA,NA,NA,NA,0
"23",1954,3,1621,162792,NA,0.333333343267441,0,0,31,NA,72767.9734513274,1,0,26.8400001525879,-22,NA,NA,NA,NA,0,0,NA,NA,0,NA,NA,NA,NA,NA,NA,NA,NA,NA,NA,0
"24",1954,4,1644,163585,NA,0.333333343267441,0,0,32,NA,72767.9734513274,1,0,26.7566661834717,-21,NA,NA,NA,NA,0,0,NA,NA,0,NA,NA,NA,NA,NA,NA,NA,NA,NA,NA,0
"25",1955,1,1666,164266,NA,0.333333343267441,0,0,33,NA,74517.8,1,0,26.7933330535889,-20,NA,NA,NA,NA,0,0,NA,NA,0,NA,NA,NA,NA,NA,NA,NA,NA,NA,NA,0
"26",1955,2,1701,164926,NA,0.333333343267441,0,0,34,NA,74517.8,1,0,26.7566661834717,-19,NA,NA,NA,NA,0,0,NA,NA,0,NA,NA,NA,NA,NA,NA,NA,NA,NA,NA,0
"27",1955,3,1733,165674,NA,0.333333343267441,0,0,35,NA,74517.8,1,0,26.7766666412354,-18,NA,NA,NA,NA,0,0,NA,NA,0,NA,NA,NA,NA,NA,NA,NA,NA,NA,NA,0
"28",1955,4,1749,166481,NA,0.333333343267441,0,0,36,NA,74517.8,1,0,26.8566665649414,-17,NA,NA,NA,NA,1,0,NA,NA,0,NA,NA,NA,NA,NA,NA,NA,NA,NA,NA,0
"29",1956,1,1767,167190,NA,0.333333343267441,0,0,37,NA,79139.9474835886,1,0,26.8600006103516,-16,NA,NA,NA,NA,1,0,NA,NA,1,NA,NA,NA,NA,NA,NA,NA,NA,NA,NA,0
"30",1956,2,1789,167869,NA,0.333333343267441,0,0,38,NA,79139.9474835886,1,0,27.0366668701172,-15,NA,NA,NA,NA,1,0,72,18.5,1,NA,NA,NA,3.2,NA,NA,NA,NA,NA,NA,0
"31",1956,3,1806,168654,NA,0.333333343267441,0,0,39,NA,79139.9474835886,1,0,27.3166675567627,-14,NA,NA,NA,NA,1,0,NA,NA,1,NA,NA,NA,NA,NA,NA,NA,NA,NA,NA,0
"32",1956,4,1836,169497,58.0253372192383,0.333333343267441,0,0,40,4,79139.9474835886,1,1,27.5499992370605,-13,0,4,0,0,1,0,NA,NA,1,-1.45099997520447,1.89699995517731,5,NA,57.7637836170938,7.6046828749127,69,0.26,1,1,0
"33",1957,1,1848,170218,NA,0.333333343267441,0,0,41,NA,77000.0593220339,1,0,27.7766666412354,-12,NA,NA,NA,NA,0,0,NA,NA,0,NA,NA,NA,NA,NA,NA,NA,NA,NA,NA,0
"34",1957,2,1865,170915,NA,0.333333343267441,0,0,42,NA,77000.0593220339,1,0,28.013334274292,-11,NA,NA,NA,NA,0,0,NA,NA,0,NA,NA,NA,NA,NA,NA,NA,NA,NA,NA,0
"35",1957,3,1880,171684,NA,0.333333343267441,0,0,43,NA,77000.0593220339,1,0,28.263334274292,-10,NA,NA,NA,NA,0,0,NA,NA,0,NA,NA,NA,NA,NA,NA,NA,NA,NA,NA,0
"36",1957,4,1871,172463,NA,0.333333343267441,0,0,44,NA,77000.0593220339,1,0,28.3999996185303,-9,NA,NA,NA,NA,0,0,NA,NA,0,NA,NA,NA,NA,NA,NA,NA,NA,NA,NA,0
"37",1958,1,1870,173116,NA,0.333333343267441,0,0,45,NA,78235.0515463918,1,0,28.736665725708,-8,NA,NA,NA,NA,0,0,NA,NA,0,NA,NA,NA,NA,NA,NA,NA,NA,NA,NA,0
"38",1958,2,1879,173781,NA,0.333333343267441,0,0,46,NA,78235.0515463918,1,0,28.9300003051758,-7,NA,NA,NA,NA,0,0,NA,NA,0,NA,NA,NA,NA,NA,NA,NA,NA,NA,NA,0
"39",1958,3,1911,174535,NA,0.333333343267441,0,0,47,NA,78235.0515463918,1,0,28.9133338928223,-6,NA,NA,NA,NA,0,0,NA,NA,0,NA,NA,NA,NA,NA,NA,NA,NA,NA,NA,0
"40",1958,4,1926,175340,NA,0.333333343267441,0,0,48,NA,78235.0515463918,1,0,28.9433326721191,-5,NA,NA,NA,NA,0,0,NA,NA,0,NA,NA,NA,NA,NA,NA,NA,NA,NA,NA,0
"41",1959,1,1946,176045,NA,0.333333343267441,0,0,49,NA,82768.0981595092,1,0,28.9933338165283,-4,NA,NA,NA,NA,0,0,NA,NA,0,NA,NA,NA,NA,NA,NA,NA,NA,NA,NA,0
"42",1959,2,1980,176727,NA,0.333333343267441,0,0,50,NA,82768.0981595092,1,0,29.0433330535889,-3,NA,NA,NA,NA,0,0,NA,NA,0,NA,NA,NA,NA,NA,NA,NA,NA,NA,NA,0
"43",1959,3,1980,177481,NA,0.333333343267441,0,0,51,NA,82768.0981595092,1,0,29.1933326721191,-2,NA,NA,NA,NA,0,0,NA,NA,0,NA,NA,NA,NA,NA,NA,NA,NA,NA,NA,0
"44",1959,4,1998,178268,NA,0.333333343267441,0,0,52,NA,82768.0981595092,1,0,29.3700008392334,-1,NA,NA,NA,NA,0,0,NA,NA,0,NA,NA,NA,NA,NA,NA,NA,NA,NA,NA,0
"45",1960,1,2009,179694,NA,0.333333343267441,0,0,53,NA,86118.3742454728,1,0,29.3966674804688,0,NA,NA,NA,NA,0,0,NA,NA,1,NA,NA,NA,NA,NA,NA,NA,NA,NA,NA,0
"46",1960,2,2024,180335,NA,0.333333343267441,0,0,54,NA,86118.3742454728,1,0,29.5733337402344,1,NA,NA,NA,NA,0,0,61,24,1,NA,NA,NA,-1.9,NA,NA,NA,NA,NA,NA,0
"47",1960,3,2025,181094,NA,0.333333343267441,0,0,55,NA,86118.3742454728,1,0,29.5900001525879,2,NA,NA,NA,NA,0,0,NA,NA,1,NA,NA,NA,NA,NA,NA,NA,NA,NA,NA,0
"48",1960,4,2023,181915,49.91259765625,0.333333343267441,0,0,56,8,86118.3742454728,1,1,29.7800006866455,3,1,8,1,1,0,0,NA,NA,1,0.455000013113022,1.93799996376038,5,NA,49.9129289529524,8.5745635266402,49,0.71,0.5,-1,0
"49",1961,1,2038,182634,NA,0.333333343267441,0,0,57,NA,91962.5498007968,0,0,29.8400001525879,4,NA,NA,NA,NA,0,0,NA,NA,0,NA,NA,NA,NA,NA,NA,NA,NA,NA,NA,0
"50",1961,2,2060,183337,NA,0.333333343267441,0,0,58,NA,91962.5498007968,0,0,29.8299999237061,5,NA,NA,NA,NA,0,0,NA,NA,0,NA,NA,NA,NA,NA,NA,NA,NA,NA,NA,0
"51",1961,3,2087,184103,NA,0.333333343267441,0,0,59,NA,91962.5498007968,0,0,29.9466667175293,6,NA,NA,NA,NA,0,0,NA,NA,0,NA,NA,NA,NA,NA,NA,NA,NA,NA,NA,0
"52",1961,4,2121,184894,NA,0.333333343267441,0,0,60,NA,91962.5498007968,0,0,29.9899997711182,7,NA,NA,NA,NA,0,0,NA,NA,0,NA,NA,NA,NA,NA,NA,NA,NA,NA,NA,0
"53",1962,1,2143,185553,NA,0.333333343267441,0.0592822544276714,0,61,NA,92926.6272189349,0,0,30.1066665649414,8,NA,NA,NA,NA,0,0,NA,NA,0,NA,NA,NA,NA,NA,NA,NA,NA,NA,NA,0
"54",1962,2,2167,186203,NA,0.333333343267441,0.0268524140119553,0,62,NA,92926.6272189349,0,0,30.2199993133545,9,NA,NA,NA,NA,0,0,NA,NA,0,NA,NA,NA,NA,NA,NA,NA,NA,NA,NA,0
"55",1962,3,2176,186926,NA,0.333333343267441,0.032098263502121,0,63,NA,92926.6272189349,0,0,30.3066673278809,10,NA,NA,NA,NA,0,0,NA,NA,0,NA,NA,NA,NA,NA,NA,NA,NA,NA,NA,0
"56",1962,4,2192,187680,NA,0.333333343267441,0.0479539632797241,0,64,NA,92926.6272189349,0,0,30.3799991607666,11,NA,NA,NA,NA,0,0,NA,NA,0,NA,NA,NA,NA,NA,NA,NA,NA,NA,NA,0
"57",1963,1,2209,188299,NA,0.333333343267441,0.0902819484472275,0,65,NA,93162.1167315175,0,0,30.4766674041748,12,NA,NA,NA,NA,0,0,NA,NA,0,NA,NA,NA,NA,NA,NA,NA,NA,NA,NA,0
"58",1963,2,2226,188906,NA,0.333333343267441,0.0582300201058388,0,66,NA,93162.1167315175,0,0,30.533332824707,13,NA,NA,NA,NA,0,0,NA,NA,0,NA,NA,NA,NA,NA,NA,NA,NA,NA,NA,0
"59",1963,3,2253,189631,NA,0.333333343267441,0.0632807910442352,0,67,NA,93162.1167315175,0,0,30.7199993133545,14,NA,NA,NA,NA,0,0,NA,NA,0,NA,NA,NA,NA,NA,NA,NA,NA,NA,NA,0
"60",1963,4,2290,190362,NA,0.333333343267441,0.19961966574192,0,68,NA,93162.1167315175,0,0,30.8033332824707,15,NA,NA,NA,NA,0,0,NA,NA,0,NA,NA,NA,NA,NA,NA,NA,NA,NA,NA,0
"61",1964,1,2340,190954,NA,0.333333343267441,0.151869043707848,0,69,NA,95818.9174664107,0,0,30.9300003051758,16,NA,NA,NA,NA,1,0,NA,NA,1,NA,NA,NA,NA,NA,NA,NA,NA,NA,NA,0
"62",1964,2,2402,191560,NA,0.333333343267441,0.156608894467354,0,70,NA,95818.9174664107,0,0,30.9799995422363,17,NA,NA,NA,NA,1,0,74,13.6666669845581,1,NA,NA,NA,4.7,NA,NA,NA,NA,NA,NA,0
"63",1964,3,2432,192256,NA,0.333333343267441,0.161243349313736,0,71,NA,95818.9174664107,0,0,31.0499992370605,18,NA,NA,NA,NA,1,0,NA,NA,1,NA,NA,NA,NA,NA,NA,NA,NA,NA,NA,0
"64",1964,4,2460,192938,61.2033348083496,0.333333343267441,0.295431703329086,1.34275233745575,72,4,95818.9174664107,0,1,31.1933326721191,19,0,4,0,0,1,0,NA,NA,1,5.08699989318848,1.26900005340576,10,NA,61.3443704841554,10.4252551060395,74,1.555,0.5,1,0.948843002319336
"65",1965,1,2488,193467,NA,0.333333343267441,0.372156500816345,0,73,NA,99791.2854442344,0,0,31.2900009155273,20,NA,NA,NA,NA,0,0,NA,NA,0,NA,NA,NA,NA,NA,NA,NA,NA,NA,NA,0
"66",1965,2,2522,193994,NA,0.333333343267441,0.74229097366333,0,74,NA,99791.2854442344,0,0,31.4899997711182,21,NA,NA,NA,NA,0,0,NA,NA,0,NA,NA,NA,NA,NA,NA,NA,NA,NA,NA,0
"67",1965,3,2592,194647,NA,0.333333343267441,1.34088885784149,0,75,NA,99791.2854442344,0,0,31.5833339691162,22,NA,NA,NA,NA,0,0,NA,NA,0,NA,NA,NA,NA,NA,NA,NA,NA,NA,NA,0
"68",1965,4,2644,195279,NA,0.333333343267441,4.56782341003418,0,76,NA,99791.2854442344,0,0,31.75,23,NA,NA,NA,NA,0,0,NA,NA,0,NA,NA,NA,NA,NA,NA,NA,NA,NA,NA,0
"69",1966,1,2683,195763,NA,0.333333343267441,6.25245809555054,0,77,NA,104625,0,0,32.0466651916504,24,NA,NA,NA,NA,0,0,NA,NA,0,NA,NA,NA,NA,NA,NA,NA,NA,NA,NA,0
"70",1966,2,2704,196277,NA,0.333333343267441,6.55705976486206,0,78,NA,104625,0,0,32.3366661071777,25,NA,NA,NA,NA,0,0,NA,NA,0,NA,NA,NA,NA,NA,NA,NA,NA,NA,NA,0
"71",1966,3,2751,196877,NA,0.333333343267441,6.34914207458496,0,79,NA,104625,0,0,32.6166648864746,26,NA,NA,NA,NA,0,0,NA,NA,0,NA,NA,NA,NA,NA,NA,NA,NA,NA,NA,0
"72",1966,4,2795,197481,NA,0.333333343267441,6.31453132629395,0,80,NA,104625,0,0,32.8833351135254,27,NA,NA,NA,NA,0,0,NA,NA,0,NA,NA,NA,NA,NA,NA,NA,NA,NA,NA,0
"73",1967,1,2839,197967,NA,0.333333343267441,10.7391633987427,0,81,NA,112298.909090909,0,0,32.966667175293,28,NA,NA,NA,NA,0,0,NA,NA,0,NA,NA,NA,NA,NA,NA,NA,NA,NA,NA,0
"74",1967,2,2868,198455,NA,0.333333343267441,13.9729413986206,0,82,NA,112298.909090909,0,0,33.1666679382324,29,NA,NA,NA,NA,0,0,NA,NA,0,NA,NA,NA,NA,NA,NA,NA,NA,NA,NA,0
"75",1967,3,2914,199012,NA,0.333333343267441,10.5018796920776,0,83,NA,112298.909090909,0,0,33.5,30,NA,NA,NA,NA,0,0,NA,NA,0,NA,NA,NA,NA,NA,NA,NA,NA,NA,NA,0
"76",1967,4,2952,199572,NA,0.333333343267441,11.9656066894531,0,84,NA,112298.909090909,0,0,33.8666648864746,31,NA,NA,NA,NA,0,0,NA,NA,0,NA,NA,NA,NA,NA,NA,NA,NA,NA,NA,0
"77",1968,1,3029,199995,NA,0.333333343267441,24.3356075286865,0,85,NA,111673.379073756,0,0,34.2000007629395,32,NA,NA,NA,NA,0,0,NA,NA,1,NA,NA,NA,NA,NA,NA,NA,NA,NA,NA,0
"78",1968,2,3104,200452,NA,0.333333343267441,23.5717277526855,0,86,NA,111673.379073756,0,0,34.533332824707,33,NA,NA,NA,NA,0,0,42,45,1,NA,NA,NA,7,NA,NA,NA,NA,NA,NA,0
"79",1968,3,3133,200997,NA,0.333333343267441,14.6519603729248,0,87,NA,111673.379073756,0,0,35,34,NA,NA,NA,NA,0,0,NA,NA,1,NA,NA,NA,NA,NA,NA,NA,NA,NA,NA,0
"80",1968,4,3181,201538,49.3511962890625,0.333333343267441,10.1817026138306,152.416946411133,88,8,111673.379073756,0,1,35.4333343505859,35,1,8,1,1,0,0,NA,NA,1,5.04899978637695,3.13000011444092,7,NA,49.5956232159848,13.2454019198359,40,1.44,0.5,-1,145.629150390625
"81",1969,1,3211,201955,NA,0.333333343267441,15.7658882141113,0,89,NA,117876.660098522,1,0,35.8666648864746,36,NA,NA,NA,NA,0,0,NA,NA,0,NA,NA,NA,NA,NA,NA,NA,NA,NA,NA,0
"82",1969,2,3277,202419,NA,0.333333343267441,15.5914220809937,0,90,NA,117876.660098522,1,0,36.4333343505859,37,NA,NA,NA,NA,0,0,NA,NA,0,NA,NA,NA,NA,NA,NA,NA,NA,NA,NA,0
"83",1969,3,3376,202986,NA,0.333333343267441,9.40951633453369,0,91,NA,117876.660098522,1,0,36.9333343505859,38,NA,NA,NA,NA,0,0,NA,NA,0,NA,NA,NA,NA,NA,NA,NA,NA,NA,NA,0
"84",1969,4,3430,203584,NA,0.333333343267441,5.71754169464111,0,92,NA,117876.660098522,1,0,37.5,39,NA,NA,NA,NA,0,0,NA,NA,0,NA,NA,NA,NA,NA,NA,NA,NA,NA,NA,0
"85",1970,1,3478,204086,NA,0.333333343267441,5.77207660675049,0,93,NA,119997.65258216,1,0,38.0999984741211,40,NA,NA,NA,NA,0,0,NA,NA,0,NA,NA,NA,NA,NA,NA,NA,NA,NA,NA,0
"86",1970,2,3567,204721,NA,0.333333343267441,8.29421520233154,0,94,NA,119997.65258216,1,0,38.6333351135254,41,NA,NA,NA,NA,0,0,NA,NA,0,NA,NA,NA,NA,NA,NA,NA,NA,NA,NA,0
"87",1970,3,3638,205419,NA,0.333333343267441,4.23524618148804,0,95,NA,119997.65258216,1,0,39.033332824707,42,NA,NA,NA,NA,0,0,NA,NA,0,NA,NA,NA,NA,NA,NA,NA,NA,NA,NA,0
"88",1970,4,3661,206130,NA,0.333333343267441,2.30437111854553,0,96,NA,119997.65258216,1,0,39.5999984741211,43,NA,NA,NA,NA,0,0,NA,NA,0,NA,NA,NA,NA,NA,NA,NA,NA,NA,NA,0
"89",1971,1,3757,206763,NA,0.333333343267441,3.06147623062134,0,97,NA,120056.446776612,1,0,39.9333343505859,44,NA,NA,NA,NA,0,0,NA,NA,0,NA,NA,NA,NA,NA,NA,NA,NA,NA,NA,0
"90",1971,2,3846,207362,NA,0.333333343267441,2.27621269226074,0,98,NA,120056.446776612,1,0,40.2999992370605,45,NA,NA,NA,NA,0,0,NA,NA,0,NA,NA,NA,NA,NA,NA,NA,NA,NA,NA,0
"91",1971,3,3889,208000,NA,0.333333343267441,1.00961542129517,0,99,NA,120056.446776612,1,0,40.7000007629395,46,NA,NA,NA,NA,0,0,NA,NA,0,NA,NA,NA,NA,NA,NA,NA,NA,NA,NA,0
"92",1971,4,3942,208642,NA,0.333333343267441,0.316331326961517,0,100,NA,120056.446776612,1,0,41,47,NA,NA,NA,NA,0,0,NA,NA,0,NA,NA,NA,NA,NA,NA,NA,NA,NA,NA,0
"93",1972,1,3999,209142,NA,0.333333343267441,0.253416329622269,0,101,NA,128118.532751092,1,0,41.3333320617676,48,NA,NA,NA,NA,1,0,NA,NA,1,NA,NA,NA,NA,NA,NA,NA,NA,NA,NA,0
"94",1972,2,4050,209637,NA,0.333333343267441,0.596268773078918,0,102,NA,128118.532751092,1,0,41.5999984741211,49,NA,NA,NA,NA,1,0,57.5,31.5,1,NA,NA,NA,9.8,NA,NA,NA,NA,NA,NA,0
"95",1972,3,4159,210181,NA,0.333333343267441,0.256921410560608,0,103,NA,128118.532751092,1,0,41.9333343505859,50,NA,NA,NA,NA,1,0,NA,NA,1,NA,NA,NA,NA,NA,NA,NA,NA,NA,NA,0
"96",1972,4,4348,210737,61.791561126709,0.333333343267441,0.322677075862885,0,104,4,128118.532751092,1,1,42.3666648864746,51,0,4,0,0,1,0,NA,NA,1,5.94899988174438,4.79500007629395,4,NA,61.7893633743778,10.2392611170827,56,4.18,1,1,0
"97",1973,1,4442,211192,NA,0.333333343267441,0.142050832509995,0,105,NA,130010.178082192,1,0,43.033332824707,52,NA,NA,NA,NA,0,0,NA,NA,0,NA,NA,NA,NA,NA,NA,NA,NA,NA,NA,0
"98",1973,2,4562,211663,NA,0.333333343267441,0.496071577072144,0,106,NA,130010.178082192,1,0,43.9333343505859,53,NA,NA,NA,NA,0,0,NA,NA,0,NA,NA,NA,NA,NA,NA,NA,NA,NA,NA,0
"99",1973,3,4657,212191,NA,0.333333343267441,0.131956592202187,0,107,NA,130010.178082192,1,0,44.7999992370605,54,NA,NA,NA,NA,0,0,NA,NA,0,NA,NA,NA,NA,NA,NA,NA,NA,NA,NA,0
"100",1973,4,4799,212708,NA,0.333333343267441,0.347894757986069,0,108,NA,130010.178082192,1,0,45.9333343505859,55,NA,NA,NA,NA,0,0,NA,NA,0,NA,NA,NA,NA,NA,NA,NA,NA,NA,NA,0
"101",1974,1,4856,213144,NA,0.333333343267441,0.30964982509613,0,109,NA,128819.01369863,1,0,47.2999992370605,56,NA,NA,NA,NA,0,0,NA,NA,0,NA,NA,NA,NA,NA,NA,NA,NA,NA,NA,0
"102",1974,2,4940,213602,NA,0.333333343267441,0.337075501680374,0,110,NA,128819.01369863,1,0,48.5666656494141,57,NA,NA,NA,NA,0,0,NA,NA,0,NA,NA,NA,NA,NA,NA,NA,NA,NA,NA,0
"103",1974,3,5076,214147,NA,0.333333343267441,0.205466344952583,0,111,NA,128819.01369863,1,0,49.9333343505859,58,NA,NA,NA,NA,0,0,NA,NA,0,NA,NA,NA,NA,NA,NA,NA,NA,NA,NA,0
"104",1974,4,5168,214700,NA,0.333333343267441,0.116441547870636,0,112,NA,128819.01369863,1,0,51.466667175293,59,NA,NA,NA,NA,0,0,NA,NA,0,NA,NA,NA,NA,NA,NA,NA,NA,NA,NA,0
"105",1975,1,5233,215135,NA,0.333333343267441,0,0,113,NA,126261.68009206,1,0,52.5666656494141,60,NA,NA,NA,NA,0,0,NA,NA,0,NA,NA,NA,NA,NA,NA,NA,NA,NA,NA,0
"106",1975,2,5532,215652,NA,0.333333343267441,0,0,114,NA,126261.68009206,1,0,53.2000007629395,61,NA,NA,NA,NA,0,0,NA,NA,0,NA,NA,NA,NA,NA,NA,NA,NA,NA,NA,0
"107",1975,3,5543,216289,NA,0.333333343267441,0,0,115,NA,126261.68009206,1,0,54.2666664123535,62,NA,NA,NA,NA,0,0,NA,NA,0,NA,NA,NA,NA,NA,NA,NA,NA,NA,NA,0
"108",1975,4,5678,216848,NA,0.333333343267441,0,0,116,NA,126261.68009206,1,0,55.2666664123535,63,NA,NA,NA,NA,0,0,NA,NA,0,NA,NA,NA,NA,NA,NA,NA,NA,NA,NA,0
"109",1976,1,5813,217314,NA,0.333333343267441,0,0,117,NA,129851.882480958,1,0,55.9000015258789,64,NA,NA,NA,NA,0,0,NA,NA,1,NA,NA,NA,NA,NA,NA,NA,NA,NA,NA,0
"110",1976,2,5898,217776,NA,0.333333343267441,0,0,118,NA,129851.882480958,1,0,56.4000015258789,65,NA,NA,NA,NA,0,0,45,40,1,NA,NA,NA,3,NA,NA,NA,NA,NA,NA,0
"111",1976,3,6026,218338,NA,0.333333343267441,0,0,119,NA,129851.882480958,1,0,57.2999992370605,66,NA,NA,NA,NA,0,0,NA,NA,1,NA,NA,NA,NA,NA,NA,NA,NA,NA,NA,0
"112",1976,4,6149,218917,48.9508590698242,0.333333343267441,0,2.08660697937012,120,8,129851.882480958,1,1,58.1333351135254,67,1,8,1,1,0,0,NA,NA,1,3.80599999427795,7.63199996948242,5,NA,48.9478488103127,9.96225397681316,45,1.165,0.5,0,2.08660697937012
"113",1977,1,6250,219427,NA,0.333333343267441,0,0,121,NA,133826.714431934,0,0,59.2000007629395,68,NA,NA,NA,NA,0,0,NA,NA,0,NA,NA,NA,NA,NA,NA,NA,NA,NA,NA,0
"114",1977,2,6414,219956,NA,0.333333343267441,0,0,122,NA,133826.714431934,0,0,60.2333335876465,69,NA,NA,NA,NA,0,0,NA,NA,0,NA,NA,NA,NA,NA,NA,NA,NA,NA,NA,0
"115",1977,3,6590,220573,NA,0.333333343267441,0,0,123,NA,133826.714431934,0,0,61.0666656494141,70,NA,NA,NA,NA,0,0,NA,NA,0,NA,NA,NA,NA,NA,NA,NA,NA,NA,NA,0
"116",1977,4,6800,221201,NA,0.333333343267441,0,0,124,NA,133826.714431934,0,0,61.966667175293,71,NA,NA,NA,NA,0,0,NA,NA,0,NA,NA,NA,NA,NA,NA,NA,NA,NA,NA,0
"117",1978,1,6939,221719,NA,0.333333343267441,0,0,125,NA,138292.068965517,0,0,63.033332824707,72,NA,NA,NA,NA,0,0,NA,NA,0,NA,NA,NA,NA,NA,NA,NA,NA,NA,NA,0
"118",1978,2,7145,222281,NA,0.333333343267441,0,0,126,NA,138292.068965517,0,0,64.466667175293,73,NA,NA,NA,NA,0,0,NA,NA,0,NA,NA,NA,NA,NA,NA,NA,NA,NA,NA,0
"119",1978,3,7309,222933,NA,0.333333343267441,0,0,127,NA,138292.068965517,0,0,65.966667175293,74,NA,NA,NA,NA,0,0,NA,NA,0,NA,NA,NA,NA,NA,NA,NA,NA,NA,NA,0
"120",1978,4,7483,223583,NA,0.333333343267441,0,0,128,NA,138292.068965517,0,0,67.5,75,NA,NA,NA,NA,0,0,NA,NA,0,NA,NA,NA,NA,NA,NA,NA,NA,NA,NA,0
"121",1979,1,7688,224152,NA,0.333333343267441,0,0,129,NA,140261.234265734,0,0,69.1999969482422,76,NA,NA,NA,NA,0,0,NA,NA,0,NA,NA,NA,NA,NA,NA,NA,NA,NA,NA,0
"122",1979,2,7822,224737,NA,0.333333343267441,0,0,130,NA,140261.234265734,0,0,71.4000015258789,77,NA,NA,NA,NA,0,0,NA,NA,0,NA,NA,NA,NA,NA,NA,NA,NA,NA,NA,0
"123",1979,3,8037,225418,NA,0.333333343267441,0,0,131,NA,140261.234265734,0,0,73.6999969482422,78,NA,NA,NA,NA,0,0,NA,NA,0,NA,NA,NA,NA,NA,NA,NA,NA,NA,NA,0
"124",1979,4,8272,226117,NA,0.333333343267441,0,0,132,NA,140261.234265734,0,0,76.033332824707,79,NA,NA,NA,NA,0,0,NA,NA,0,NA,NA,NA,NA,NA,NA,NA,NA,NA,NA,0
"125",1980,1,8519,226754,NA,0.333333343267441,0,0,133,NA,136829.268292683,0,0,79.033332824707,80,NA,NA,NA,NA,1,0,NA,NA,1,NA,NA,NA,NA,NA,NA,NA,NA,NA,NA,0
"126",1980,2,8582,227389,NA,0.333333343267441,0,0,134,NA,136829.268292683,0,0,81.6999969482422,81,NA,NA,NA,NA,1,0,33.6666679382324,55.3333320617676,1,NA,NA,NA,-7.9,NA,NA,NA,NA,NA,NA,0
"127",1980,3,8846,228070,NA,0.333333343267441,0,0,135,NA,136829.268292683,0,0,83.2333297729492,82,NA,NA,NA,NA,1,0,NA,NA,1,NA,NA,NA,NA,NA,NA,NA,NA,NA,NA,0
"128",1980,4,9227,228689,44.8424415588379,0.333333343267441,0,0,136,4,136829.268292683,0,1,85.5666656494141,83,0,4,0,0,1,0,NA,NA,1,-3.65899991989136,7.86399984359741,5,NA,44.6969315261752,13.1641293628212,21,-1.38,1,1,0
"129",1981,1,9414,229155,NA,0.333333343267441,0,0,137,NA,136274.931034483,1,0,87.9333343505859,84,NA,NA,NA,NA,0,0,NA,NA,0,NA,NA,NA,NA,NA,NA,NA,NA,NA,NA,0
"130",1981,2,9551,229674,NA,0.333333343267441,0,0,138,NA,136274.931034483,1,0,89.7666702270508,85,NA,NA,NA,NA,0,0,NA,NA,0,NA,NA,NA,NA,NA,NA,NA,NA,NA,NA,0
"131",1981,3,9896,230301,NA,0.333333343267441,0,0,139,NA,136274.931034483,1,0,92.2666702270508,86,NA,NA,NA,NA,0,0,NA,NA,0,NA,NA,NA,NA,NA,NA,NA,NA,NA,NA,0
"132",1981,4,10041,230903,NA,0.333333343267441,0,0,140,NA,136274.931034483,1,0,93.7666702270508,87,NA,NA,NA,NA,0,0,NA,NA,0,NA,NA,NA,NA,NA,NA,NA,NA,NA,NA,0
"133",1982,1,10158,231395,NA,0.333333343267441,0,0,141,NA,139918.5,1,0,94.5999984741211,88,NA,NA,NA,NA,0,0,NA,NA,0,NA,NA,NA,NA,NA,NA,NA,NA,NA,NA,0
"134",1982,2,10304,231906,NA,0.333333343267441,0,0,142,NA,139918.5,1,0,95.966667175293,89,NA,NA,NA,NA,0,0,NA,NA,0,NA,NA,NA,NA,NA,NA,NA,NA,NA,NA,0
"135",1982,3,10484,232498,NA,0.333333343267441,0,0,143,NA,139918.5,1,0,97.6333312988281,90,NA,NA,NA,NA,0,0,NA,NA,0,NA,NA,NA,NA,NA,NA,NA,NA,NA,NA,0
"136",1982,4,10612,233074,NA,0.333333343267441,0,0,144,NA,139918.5,1,0,97.9333343505859,91,NA,NA,NA,NA,0,0,NA,NA,0,NA,NA,NA,NA,NA,NA,NA,NA,NA,NA,0
"137",1983,1,10766,233546,NA,0.333333343267441,0,0,145,NA,142511.894736842,1,0,98,92,NA,NA,NA,NA,0,0,NA,NA,0,NA,NA,NA,NA,NA,NA,NA,NA,NA,NA,0
"138",1983,2,10921,234028,NA,0.333333343267441,0,0,146,NA,142511.894736842,1,0,99.1333312988281,93,NA,NA,NA,NA,0,0,NA,NA,0,NA,NA,NA,NA,NA,NA,NA,NA,NA,NA,0
"139",1983,3,11204,234603,NA,0.333333343267441,0,0,147,NA,142511.894736842,1,0,100.099998474121,94,NA,NA,NA,NA,0,0,NA,NA,0,NA,NA,NA,NA,NA,NA,NA,NA,NA,NA,0
"140",1983,4,11485,235153,NA,0.333333343267441,0,0,148,NA,142511.894736842,1,0,101.099998474121,95,NA,NA,NA,NA,0,0,NA,NA,0,NA,NA,NA,NA,NA,NA,NA,NA,NA,NA,0
"141",1984,1,11840,235605,NA,0.333333343267441,0,0,149,NA,147244.194756554,1,0,102.533332824707,96,NA,NA,NA,NA,1,0,NA,NA,1,NA,NA,NA,NA,NA,NA,NA,NA,NA,NA,0
"142",1984,2,12136,236082,NA,0.333333343267441,0,0,150,NA,147244.194756554,1,0,103.5,97,NA,NA,NA,NA,1,0,54.5,34.5,1,NA,NA,NA,7.1,NA,NA,NA,NA,NA,NA,0
"143",1984,3,12391,236657,NA,0.333333343267441,0,0,151,NA,147244.194756554,1,0,104.400001525879,98,NA,NA,NA,NA,1,0,NA,NA,1,NA,NA,NA,NA,NA,NA,NA,NA,NA,NA,0
"144",1984,4,12556,237232,59.1233520507812,0.333333343267441,0,0,152,4,147244.194756554,1,1,105.300003051758,99,0,4,0,0,1,0,NA,NA,1,5.42399978637695,5.24900007247925,8,NA,59.1696366481224,8.83746522789105,52,3.95,1,1,0
"145",1985,1,12636,237673,NA,0.333333343267441,0,0,153,NA,150686.378998189,1,0,106.266670227051,100,NA,NA,NA,NA,0,0,NA,NA,0,NA,NA,NA,NA,NA,NA,NA,NA,NA,NA,0
"146",1985,2,12955,238176,NA,0.333333343267441,0,0,154,NA,150686.378998189,1,0,107.233329772949,101,NA,NA,NA,NA,0,0,NA,NA,0,NA,NA,NA,NA,NA,NA,NA,NA,NA,NA,0
"147",1985,3,12923,238789,NA,0.333333343267441,0,0,155,NA,150686.378998189,1,0,107.900001525879,102,NA,NA,NA,NA,0,0,NA,NA,0,NA,NA,NA,NA,NA,NA,NA,NA,NA,NA,0
"148",1985,4,13128,239387,NA,0.333333343267441,0,0,156,NA,150686.378998189,1,0,109,103,NA,NA,NA,NA,0,0,NA,NA,0,NA,NA,NA,NA,NA,NA,NA,NA,NA,NA,0
"149",1986,1,13353,239861,NA,0.333333343267441,0,0,157,NA,156319.383521043,1,0,109.566665649414,104,NA,NA,NA,NA,0,0,NA,NA,0,NA,NA,NA,NA,NA,NA,NA,NA,NA,NA,0
"150",1986,2,13485,240368,NA,0.333333343267441,0,0,158,NA,156319.383521043,1,0,109.033332824707,105,NA,NA,NA,NA,0,0,NA,NA,0,NA,NA,NA,NA,NA,NA,NA,NA,NA,NA,0
"151",1986,3,13622,240962,NA,0.333333343267441,0,0,159,NA,156319.383521043,1,0,109.699996948242,106,NA,NA,NA,NA,0,0,NA,NA,0,NA,NA,NA,NA,NA,NA,NA,NA,NA,NA,0
"152",1986,4,13698,241539,NA,0.333333343267441,0,0,160,NA,156319.383521043,1,0,110.466667175293,107,NA,NA,NA,NA,0,0,NA,NA,0,NA,NA,NA,NA,NA,NA,NA,NA,NA,NA,0
"153",1987,1,13937,242009,NA,0.333333343267441,0,0,161,NA,157644.918577982,1,0,111.800003051758,108,NA,NA,NA,NA,0,0,NA,NA,0,NA,NA,NA,NA,NA,NA,NA,NA,NA,NA,0
"154",1987,2,13879,242520,NA,0.333333343267441,0,0,162,NA,157644.918577982,1,0,113.066665649414,109,NA,NA,NA,NA,0,0,NA,NA,0,NA,NA,NA,NA,NA,NA,NA,NA,NA,NA,0
"155",1987,3,14238,243120,NA,0.333333343267441,0,0,163,NA,157644.918577982,1,0,114.266670227051,110,NA,NA,NA,NA,0,0,NA,NA,0,NA,NA,NA,NA,NA,NA,NA,NA,NA,NA,0
"156",1987,4,14529,243721,NA,0.333333343267441,0,0,164,NA,157644.918577982,1,0,115.333335876465,111,NA,NA,NA,NA,0,0,NA,NA,0,NA,NA,NA,NA,NA,NA,NA,NA,NA,NA,0
"157",1988,1,14807,244208,NA,0.333333343267441,0,0,165,NA,160899.978982301,1,0,116.233329772949,112,NA,NA,NA,NA,0,0,NA,NA,1,NA,NA,NA,NA,NA,NA,NA,NA,NA,NA,0
"158",1988,2,15079,244716,NA,0.333333343267441,0,0,166,NA,160899.978982301,1,0,117.566665649414,113,NA,NA,NA,NA,0,0,49.5,39.5,1,NA,NA,NA,5.2,NA,NA,NA,NA,NA,NA,0
"159",1988,3,15342,245354,NA,0.333333343267441,0,0,167,NA,160899.978982301,1,0,119,114,NA,NA,NA,NA,0,0,NA,NA,1,NA,NA,NA,NA,NA,NA,NA,NA,NA,NA,0
"160",1988,4,15591,245966,53.8324546813965,0.333333343267441,0,0,168,8,160899.978982301,1,1,120.300003051758,115,1,8,1,1,0,0,NA,NA,1,2.21000003814697,2.95499992370605,4,NA,53.901538122278,11.3710419382044,51,0.955,0.5,0,0
"161",1989,1,15927,246460,NA,0.333333343267441,0,0,169,NA,165917.818663839,1,0,121.666664123535,116,NA,NA,NA,NA,0,0,NA,NA,0,NA,NA,NA,NA,NA,NA,NA,NA,NA,NA,0
"162",1989,2,16035,247017,NA,0.333333343267441,0,0,170,NA,165917.818663839,1,0,123.633331298828,117,NA,NA,NA,NA,0,0,NA,NA,0,NA,NA,NA,NA,NA,NA,NA,NA,NA,NA,0
"163",1989,3,16182,247698,NA,0.333333343267441,0,0,171,NA,165917.818663839,1,0,124.599998474121,118,NA,NA,NA,NA,0,0,NA,NA,0,NA,NA,NA,NA,NA,NA,NA,NA,NA,NA,0
"164",1989,4,16391,248374,NA,0.333333343267441,0,0,172,NA,165917.818663839,1,0,125.866668701172,119,NA,NA,NA,NA,0,0,NA,NA,0,NA,NA,NA,NA,NA,NA,NA,NA,NA,NA,0
"165",1990,1,16727,248936,NA,0.333333343267441,0,0,173,NA,163462.624242424,1,0,128.033340454102,120,NA,NA,NA,NA,0,0,NA,NA,0,NA,NA,NA,NA,NA,NA,NA,NA,NA,NA,0
"166",1990,2,16966,249711,NA,0.333333343267441,0,0,174,NA,163462.624242424,1,0,129.300003051758,121,NA,NA,NA,NA,0,0,NA,NA,0,NA,NA,NA,NA,NA,NA,NA,NA,NA,NA,0
"167",1990,3,17135,250595,NA,0.333333343267441,0,0,175,NA,163462.624242424,1,0,131.533340454102,122,NA,NA,NA,NA,0,0,NA,NA,0,NA,NA,NA,NA,NA,NA,NA,NA,NA,NA,0
"168",1990,4,17184,251482,NA,0.333333343267441,0,0,176,NA,163462.624242424,1,0,133.766662597656,123,NA,NA,NA,NA,0,0,NA,NA,0,NA,NA,NA,NA,NA,NA,NA,NA,NA,NA,0
"169",1991,1,17294,252258,NA,0.333333343267441,0,0,177,NA,158522.422233057,1,0,134.766662597656,124,NA,NA,NA,NA,0,0,NA,NA,0,NA,NA,NA,NA,NA,NA,NA,NA,NA,NA,0
"170",1991,2,17474,253063,NA,0.333333343267441,0,0,178,NA,158522.422233057,1,0,135.566665649414,125,NA,NA,NA,NA,0,0,NA,NA,0,NA,NA,NA,NA,NA,NA,NA,NA,NA,NA,0
"171",1991,3,17582,253965,NA,0.333333343267441,0,0,179,NA,158522.422233057,1,0,136.600006103516,126,NA,NA,NA,NA,0,0,NA,NA,0,NA,NA,NA,NA,NA,NA,NA,NA,NA,NA,0
"172",1991,4,17775,254835,NA,0.333333343267441,0,0,180,NA,158522.422233057,1,0,137.733337402344,127,NA,NA,NA,NA,0,0,NA,NA,0,NA,NA,NA,NA,NA,NA,NA,NA,NA,NA,0
"173",1992,1,18131,255585,NA,0.333333343267441,0,0,181,NA,159396.074179743,1,0,138.66667175293,128,NA,NA,NA,NA,1,0,NA,NA,1,NA,NA,NA,NA,NA,NA,NA,NA,NA,NA,0
"174",1992,2,18335,256439,NA,0.333333343267441,0,0,182,NA,159396.074179743,1,0,139.733337402344,129,NA,NA,NA,NA,1,0,37.3333320617676,55.3333320617676,1,NA,NA,NA,4.3,NA,NA,NA,NA,NA,NA,0
"175",1992,3,18481,257386,NA,0.333333343267441,0,0,183,NA,159396.074179743,1,0,140.800003051758,130,NA,NA,NA,NA,1,0,NA,NA,1,NA,NA,NA,NA,NA,NA,NA,NA,NA,NA,0
"176",1992,4,18794,258277,46.3787498474121,0.333333343267441,0,0,184,12,159396.074179743,1,1,142.033340454102,131,1,12,1.25,1,1,0,NA,NA,1,2.94899988174438,3.30999994277954,2,NA,46.5451775320486,4.39513529524506,32,1.46,1,1,0
"177",1993,1,18553,259039,NA,0.333333343267441,0,0,185,NA,166070.294199536,0,0,143.066665649414,132,NA,NA,NA,NA,0,0,NA,NA,0,NA,NA,NA,NA,NA,NA,NA,NA,NA,NA,0
"178",1993,2,18891,259826,NA,0.333333343267441,0,0,186,NA,166070.294199536,0,0,144.100006103516,133,NA,NA,NA,NA,0,0,NA,NA,0,NA,NA,NA,NA,NA,NA,NA,NA,NA,NA,0
"179",1993,3,18933,260714,NA,0.333333343267441,0,0,187,NA,166070.294199536,0,0,144.766662597656,134,NA,NA,NA,NA,0,0,NA,NA,0,NA,NA,NA,NA,NA,NA,NA,NA,NA,NA,0
"180",1993,4,19255,261547,NA,0.333333343267441,0,0,188,NA,166070.294199536,0,0,145.966659545898,135,NA,NA,NA,NA,0,0,NA,NA,0,NA,NA,NA,NA,NA,NA,NA,NA,NA,NA,0
"181",1994,1,19202,262250,NA,0.333333343267441,0,0,189,NA,172456.14084507,0,0,146.699996948242,136,NA,NA,NA,NA,0,0,NA,NA,0,NA,NA,NA,NA,NA,NA,NA,NA,NA,NA,0
"182",1994,2,19576,263020,NA,0.333333343267441,0,0,190,NA,172456.14084507,0,0,147.533340454102,137,NA,NA,NA,NA,0,0,NA,NA,0,NA,NA,NA,NA,NA,NA,NA,NA,NA,NA,0
"183",1994,3,19817,263870,NA,0.333333343267441,0,0,191,NA,172456.14084507,0,0,148.899993896484,138,NA,NA,NA,NA,0,0,NA,NA,0,NA,NA,NA,NA,NA,NA,NA,NA,NA,NA,0
"184",1994,4,20114,264678,NA,0.333333343267441,0,0,192,NA,172456.14084507,0,0,149.766662597656,139,NA,NA,NA,NA,0,0,NA,NA,0,NA,NA,NA,NA,NA,NA,NA,NA,NA,NA,0
"185",1995,1,20299,265388,NA,0.333333343267441,0,0,193,NA,173469.508429459,0,0,150.866668701172,140,NA,NA,NA,NA,0,0,NA,NA,0,NA,NA,NA,NA,NA,NA,NA,NA,NA,NA,0
"186",1995,2,20362,266142,NA,0.333333343267441,0,0,194,NA,173469.508429459,0,0,152.100006103516,141,NA,NA,NA,NA,0,0,NA,NA,0,NA,NA,NA,NA,NA,NA,NA,NA,NA,NA,0
"187",1995,3,20534,267000,NA,0.333333343267441,0,0,195,NA,173469.508429459,0,0,152.866668701172,142,NA,NA,NA,NA,0,0,NA,NA,0,NA,NA,NA,NA,NA,NA,NA,NA,NA,NA,0
"188",1995,4,20682,267820,NA,0.333333343267441,0,0,196,NA,173469.508429459,0,0,153.699996948242,143,NA,NA,NA,NA,0,0,NA,NA,0,NA,NA,NA,NA,NA,NA,NA,NA,NA,NA,0
"189",1996,1,20972,268487,NA,0.333333343267441,0,0,197,NA,174907.519446845,0,0,155.066665649414,144,NA,NA,NA,NA,1,0,NA,NA,1,NA,NA,NA,NA,NA,NA,NA,NA,NA,NA,0
"190",1996,2,21275,269251,NA,0.333333343267441,0,0,198,NA,174907.519446845,0,0,156.399993896484,145,NA,NA,NA,NA,1,0,55,39.5,1,NA,NA,NA,7.1,NA,NA,NA,NA,NA,NA,0
"191",1996,3,21485,270128,NA,0.333333343267441,0,0,199,NA,174907.519446845,0,0,157.300003051758,146,NA,NA,NA,NA,1,0,NA,NA,1,NA,NA,NA,NA,NA,NA,NA,NA,NA,NA,0
"192",1996,4,21683,270991,54.7363624572754,0.333333343267441,0,0,200,4,174907.519446845,0,1,158.66667175293,147,0,4,0,0,1,0,NA,NA,1,3.25799989700317,2.02699995040894,4,NA,54.74,9.12524460167312,57,1.85,1,1,0
"193",1997,1,21932,271709,NA,0.333333343267441,0,0,201,NA,183353.197969543,0,0,159.633331298828,148,NA,NA,NA,NA,0,0,NA,NA,0,NA,NA,NA,NA,NA,NA,NA,NA,NA,NA,0
"194",1997,2,22092,272487,NA,0.333333343267441,0,0,202,NA,183353.197969543,0,0,160,149,NA,NA,NA,NA,0,0,NA,NA,0,NA,NA,NA,NA,NA,NA,NA,NA,NA,NA,0
"195",1997,3,22335,273391,NA,0.333333343267441,0,0,203,NA,183353.197969543,0,0,160.800003051758,150,NA,NA,NA,NA,0,0,NA,NA,0,NA,NA,NA,NA,NA,NA,NA,NA,NA,NA,0
"196",1997,4,22656,274246,NA,0.333333343267441,0,0,204,NA,183353.197969543,0,0,161.66667175293,151,NA,NA,NA,NA,0,0,NA,NA,0,NA,NA,NA,NA,NA,NA,NA,NA,NA,NA,0
"197",1998,1,23123,274950,NA,0.333333343267441,0,0,205,NA,191539.106382979,0,0,162,152,NA,NA,NA,NA,0,0,NA,NA,0,NA,NA,NA,NA,NA,NA,NA,NA,NA,NA,0
"198",1998,2,23443,275703,NA,0.333333343267441,0,0,206,NA,191539.106382979,0,0,162.533340454102,153,NA,NA,NA,NA,0,0,NA,NA,0,NA,NA,NA,NA,NA,NA,NA,NA,NA,NA,0
"199",1998,3,23695,276564,NA,0.333333343267441,0,0,207,NA,191539.106382979,0,0,163.366668701172,154,NA,NA,NA,NA,0,0,NA,NA,0,NA,NA,NA,NA,NA,NA,NA,NA,NA,NA,0
"200",1998,4,23870,277400,NA,0.333333343267441,0,0,208,NA,191539.106382979,0,0,164.133331298828,155,NA,NA,NA,NA,0,0,NA,NA,0,NA,NA,NA,NA,NA,NA,NA,NA,NA,NA,0
"201",1999,1,24046,278103,NA,0.333333343267441,0,0,209,NA,200315.995096036,0,0,164.733337402344,156,NA,NA,NA,NA,0,0,NA,NA,0,NA,NA,NA,NA,NA,NA,NA,NA,NA,NA,0
"202",1999,2,24173,278864,NA,0.333333343267441,0,0,210,NA,200315.995096036,0,0,165.966659545898,157,NA,NA,NA,NA,0,0,NA,NA,0,NA,NA,NA,NA,NA,NA,NA,NA,NA,NA,0
"203",1999,3,24379,279751,NA,0.333333343267441,0,0,211,NA,200315.995096036,0,0,167.199996948242,158,NA,NA,NA,NA,0,0,NA,NA,0,NA,NA,NA,NA,NA,NA,NA,NA,NA,NA,0
"204",1999,4,24823,280592,NA,0.333333343267441,0,0,212,NA,200315.995096036,0,0,168.433334350586,159,NA,NA,NA,NA,0,0,NA,NA,0,NA,NA,NA,NA,NA,NA,NA,NA,NA,NA,0
"205",2000,1,25506,281304,NA,0.333333343267441,0,0,213,NA,200197.485172005,0,0,170.100006103516,160,NA,NA,NA,NA,0,0,NA,NA,1,NA,NA,NA,NA,NA,NA,NA,NA,NA,NA,0
"206",2000,2,25817,282002,NA,0.333333343267441,0,0,214,NA,200197.485172005,0,0,171.433334350586,161,NA,NA,NA,NA,0,0,57.5,38,1,NA,NA,NA,8,NA,NA,NA,NA,NA,NA,0
"207",2000,3,26172,282769,NA,0.333333343267441,0,0,215,NA,200197.485172005,0,0,173,162,NA,NA,NA,NA,0,0,NA,NA,1,NA,NA,NA,NA,NA,NA,NA,NA,NA,NA,0
"208",2000,4,26287,283518,50.2616233825684,0.333333343267441,0,0,216,8,200197.485172005,0,1,174.233337402344,163,1,8,1,1,0,0,NA,NA,1,2.01399993896484,1.64100003242493,7,NA,50.01,9.12378149132802,59,1.26,0.5,-1,0
"209",2001,1,26609,284169,NA,0.333333343267441,0,0,217,NA,199575.710769231,1,0,175.899993896484,164,NA,NA,NA,NA,0,0,NA,NA,0,NA,NA,NA,NA,NA,NA,NA,NA,NA,NA,0
"210",2001,2,26600,284838,NA,0.333333343267441,0,0,218,NA,199575.710769231,1,0,177.133331298828,165,NA,NA,NA,NA,0,0,NA,NA,0,NA,NA,NA,NA,NA,NA,NA,NA,NA,NA,0
"211",2001,3,27211,285584,NA,0.333333343267441,0,0,219,NA,199575.710769231,1,0,177.633331298828,166,NA,NA,NA,NA,0,0,NA,NA,0,NA,NA,NA,NA,NA,NA,NA,NA,NA,NA,0
"212",2001,4,26840,286311,NA,0.333333343267441,0,0,220,NA,199575.710769231,1,0,177.5,167,NA,NA,NA,NA,0,0,NA,NA,0,NA,NA,NA,NA,NA,NA,NA,NA,NA,NA,0
"213",2002,1,27567,286935,NA,0.333333343267441,0,0,221,NA,196665.14988645,1,0,178.066665649414,168,NA,NA,NA,NA,0,0,NA,NA,0,NA,NA,NA,NA,NA,NA,NA,NA,NA,NA,0
"214",2002,2,27873,287574,NA,0.333333343267441,0,0,222,NA,196665.14988645,1,0,179.466659545898,169,NA,NA,NA,NA,0,0,NA,NA,0,NA,NA,NA,NA,NA,NA,NA,NA,NA,NA,0
"215",2002,3,27847,288303,NA,0.333333343267441,0,0,223,NA,196665.14988645,1,0,180.433334350586,170,NA,NA,NA,NA,0,0,NA,NA,0,NA,NA,NA,NA,NA,NA,NA,NA,NA,NA,0
"216",2002,4,27976,289007,NA,0.333333343267441,0,0,224,NA,196665.14988645,1,0,181.5,171,NA,NA,NA,NA,0,0,NA,NA,0,NA,NA,NA,NA,NA,NA,NA,NA,NA,NA,0
"217",2003,1,28221,289609,NA,0.333333343267441,0.224197462201118,0,225,NA,199111.175120326,1,0,183.366668701172,172,NA,NA,NA,NA,0,0,NA,NA,0,NA,NA,NA,NA,NA,NA,NA,NA,NA,NA,0
"218",2003,2,28606,290253,NA,0.333333343267441,0.478347063064575,0,226,NA,199111.175120326,1,0,183.066665649414,173,NA,NA,NA,NA,0,0,NA,NA,0,NA,NA,NA,NA,NA,NA,NA,NA,NA,NA,0
"219",2003,3,29121,290974,NA,0.333333343267441,0.384455621242523,0,227,NA,199111.175120326,1,0,184.433334350586,174,NA,NA,NA,NA,0,0,NA,NA,0,NA,NA,NA,NA,NA,NA,NA,NA,NA,NA,0
"220",2003,4,29353,291669,NA,0.333333343267441,0.56501042842865,0,228,NA,199111.175120326,1,0,185.133331298828,175,NA,NA,NA,NA,0,0,NA,NA,0,NA,NA,NA,NA,NA,NA,NA,NA,NA,NA,0
"221",2004,1,29669,292237,NA,0.333333343267441,0.403274029493332,0,229,NA,197927.065609229,1,0,186.699996948242,176,NA,NA,NA,NA,1,0,NA,NA,1,NA,NA,NA,NA,NA,NA,NA,NA,NA,NA,0
"222",2004,2,30118,292875,NA,0.333333343267441,0.890007376670837,0,230,NA,197927.065609229,1,0,188.16667175293,177,NA,NA,NA,NA,1,0,48.5,49,1,NA,NA,NA,2.6,NA,NA,NA,NA,NA,NA,0
"223",2004,3,30430,293603,NA,0.333333343267441,0.697300255298615,0,231,NA,197927.065609229,1,0,189.366668701172,178,NA,NA,NA,NA,1,0,NA,NA,1,NA,NA,NA,NA,NA,NA,NA,NA,NA,NA,0
"224",2004,4,31026,294334,51.2330017089844,0.333333343267441,0.93647575378418,4.57906818389893,232,4,197927.065609229,1,1,191.399993896484,179,0,4,0,0,1,0,NA,NA,1,1.9889999628067,2.24499988555908,1,NA,51.24,2.7,47,2.47,1,1,3.8606276512146
"225",2005,1,30765,294957,NA,0.333333343267441,0.673795104026794,0,233,NA,203484.129752354,1,0,192.366668701172,180,NA,NA,NA,NA,0,0,NA,NA,0,NA,NA,NA,NA,NA,NA,NA,NA,NA,NA,0
"226",2005,2,31105,295588,NA,0.333333343267441,0.702776312828064,0,234,NA,203484.129752354,1,0,193.66667175293,181,NA,NA,NA,NA,0,0,NA,NA,0,NA,NA,NA,NA,NA,NA,NA,NA,NA,NA,0
"227",2005,3,31563,296340,NA,0.333333343267441,0.643706679344177,0,235,NA,203484.129752354,1,0,196.600006103516,182,NA,NA,NA,NA,0,0,NA,NA,0,NA,NA,NA,NA,NA,NA,NA,NA,NA,NA,0
"228",2005,4,31934,297086,NA,0.333333343267441,0.830358147621155,0,236,NA,203484.129752354,1,0,198.433334350586,183,NA,NA,NA,NA,0,0,NA,NA,0,NA,NA,NA,NA,NA,NA,NA,NA,NA,NA,0
"229",2006,1,32597,297736,NA,0.333333343267441,0.486412316560745,0,237,NA,204029.625126646,1,0,199.466659545898,184,NA,NA,NA,NA,0,0,NA,NA,0,NA,NA,NA,NA,NA,NA,NA,NA,NA,NA,0
"230",2006,2,33055,298408,NA,0.333333343267441,0.672749280929565,0,238,NA,204029.625126646,1,0,201.266662597656,185,NA,NA,NA,NA,0,0,NA,NA,0,NA,NA,NA,NA,NA,NA,NA,NA,NA,NA,0
"231",2006,3,33366,299180,NA,0.333333343267441,0.594188988208771,0,239,NA,204029.625126646,1,0,203.16667175293,186,NA,NA,NA,NA,0,0,NA,NA,0,NA,NA,NA,NA,NA,NA,NA,NA,NA,NA,0
"232",2006,4,33710,299946,NA,0.333333343267441,0.965537011623383,0,240,NA,204029.625126646,1,0,202.33332824707,187,NA,NA,NA,NA,0,0,NA,NA,0,NA,NA,NA,NA,NA,NA,NA,NA,NA,NA,0
"233",2007,1,34116,300609,NA,0.333333343267441,0.817264914512634,0,241,NA,204793.757635468,1,0,204.317001342773,188,NA,NA,NA,NA,0,0,NA,NA,0,NA,NA,NA,NA,NA,NA,NA,NA,NA,NA,0
"234",2007,2,34381,301284,NA,0.333333343267441,1.09392142295837,0,242,NA,204793.757635468,1,0,206.630996704102,189,NA,NA,NA,NA,0,0,NA,NA,0,NA,NA,NA,NA,NA,NA,NA,NA,NA,NA,0
"235",2007,3,34618,302062,NA,0.333333343267441,0.724081814289093,0,243,NA,204793.757635468,1,0,207.938995361328,190,NA,NA,NA,NA,0,0,NA,NA,0,NA,NA,NA,NA,NA,NA,NA,NA,NA,NA,0
"236",2007,4,35081,302829,NA,0.333333343267441,0.316595554351807,0,244,NA,204793.757635468,1,0,210.489669799805,191,NA,NA,NA,NA,0,0,NA,NA,0,NA,NA,NA,NA,NA,NA,NA,NA,NA,NA,0
"237",2008,1,35848,303494,NA,0.333333343267441,0.355417490005493,0,245,NA,2e+05,1,0,212.754333496094,192,NA,NA,NA,NA,0,0,NA,NA,1,NA,NA,NA,NA,NA,NA,NA,NA,NA,NA,0
"238",2008,2,36888,304160,NA,0.333333343267441,0.328808933496475,0,246,NA,2e+05,1,0,215.54899597168,193,NA,NA,NA,NA,0,0,28.6666660308838,66.6666641235352,1,NA,NA,NA,1.3,NA,NA,NA,NA,NA,NA,0
"239",2008,3,36343,304902,NA,0.333333343267441,0.20008397102356,0,247,NA,2e+05,1,0,218.903671264648,194,NA,NA,NA,NA,0,0,NA,NA,1,NA,NA,NA,NA,NA,NA,NA,NA,NA,NA,0
"240",2008,4,35722,305616,46.3111572265625,0.333333343267441,0.147241666913033,14.132007598877,248,8,2e+05,1,1,213.813659667969,195,1,8,1,1,0,0,NA,NA,1,-2.25999999046326,3.05200004577637,1,NA,46.3,5.75,31,0.41,0.5,0,13.9847660064697
"241",2009,1,35031,306237,NA,0.333333343267441,NA,0,249,NA,NA,0,0,212.448669433594,196,NA,NA,NA,NA,0,43,NA,NA,0,NA,NA,NA,NA,NA,NA,NA,NA,NA,NA,0
"242",2009,2,35058,306866,NA,0.333333343267441,NA,NA,250,NA,NA,0,0,213.475326538086,197,NA,NA,NA,NA,0,43,NA,NA,0,NA,NA,NA,NA,NA,NA,NA,NA,NA,NA,NA
"243",2009,3,34689,307573,NA,0.333333343267441,NA,NA,251,NA,NA,0,0,215.362670898438,198,NA,NA,NA,NA,0,136,NA,NA,0,NA,NA,NA,NA,NA,NA,NA,NA,NA,NA,NA
"244",2009,4,34820,308285,NA,0.333333343267441,NA,NA,252,NA,NA,0,0,216.973007202148,199,NA,NA,NA,NA,0,95,NA,NA,0,NA,NA,NA,NA,NA,NA,NA,NA,NA,NA,NA
"245",2010,1,35393,308899,NA,0.333333343267441,NA,NA,253,NA,NA,0,0,217.435333251953,200,NA,NA,NA,NA,0,87,NA,NA,0,NA,NA,NA,NA,NA,NA,NA,NA,NA,NA,NA
"246",2010,2,35926,309457,NA,0.333333343267441,NA,NA,254,NA,NA,0,0,217.253662109375,201,NA,NA,NA,NA,0,114,NA,NA,0,NA,NA,NA,NA,NA,NA,NA,NA,NA,NA,NA
"247",2010,3,36074,310070,NA,0.333333343267441,NA,NA,255,NA,NA,0,0,218.024993896484,202,NA,NA,NA,NA,0,162,NA,NA,0,NA,NA,NA,NA,NA,NA,NA,NA,NA,NA,NA
"248",2010,4,36284,310670,NA,0.333333343267441,NA,NA,256,NA,NA,0,0,219.625,203,NA,NA,NA,NA,0,136,NA,NA,0,NA,NA,NA,NA,NA,NA,NA,NA,NA,NA,NA
"249",2011,1,36904,311184,NA,0.333333343267441,NA,NA,257,NA,NA,0,0,222.078994750977,204,NA,NA,NA,NA,0,76,NA,NA,0,NA,NA,NA,NA,NA,NA,NA,NA,NA,NA,NA
"250",2011,2,37028,311717,NA,0.333333343267441,NA,NA,258,NA,NA,0,0,224.500335693359,205,NA,NA,NA,NA,0,128,NA,NA,0,NA,NA,NA,NA,NA,NA,NA,NA,NA,NA,NA
"251",2011,3,37052,312330,NA,0.333333343267441,NA,NA,259,NA,NA,0,0,226.216995239258,206,NA,NA,NA,NA,0,150,NA,NA,0,NA,NA,NA,NA,NA,NA,NA,NA,NA,NA,NA
"252",2011,4,37064,312929,NA,0.333333343267441,NA,NA,260,NA,NA,0,0,226.950332641602,207,NA,NA,NA,NA,0,64,NA,NA,0,NA,NA,NA,NA,NA,NA,NA,NA,NA,NA,NA
"253",2012,1,37545,313443,NA,0.333333343267441,NA,NA,261,NA,NA,0,0,228.345336914062,208,NA,NA,NA,NA,1,60,NA,NA,1,NA,NA,NA,NA,NA,NA,NA,NA,NA,NA,NA
"254",2012,2,37849,313976,NA,0.333333343267441,NA,NA,262,NA,NA,0,0,228.774002075195,209,NA,NA,NA,NA,1,104,NA,NA,1,NA,NA,NA,NA,NA,NA,NA,NA,NA,NA,NA
"255",2012,3,NA,NA,NA,0.333333343267441,NA,NA,263,NA,NA,0,0,NA,210,NA,NA,NA,NA,1,NA,NA,NA,1,NA,NA,NA,NA,NA,NA,NA,NA,NA,NA,NA
"256",2012,4,NA,NA,NA,0.333333343267441,NA,NA,264,NA,NA,0,1,NA,211,0,4,0,0,1,NA,NA,NA,1,NA,NA,NA,NA,NA,NA,NA,NA,NA,1,NA
