"YEAR","AZ.Phoenix","CA.Los.Angeles","CA.San.Diego","CA.San.Francisco","CO.Denver","DC.Washington","FL.Miami","FL.Tampa","GA.Atlanta","IL.Chicago","MA.Boston","MI.Detroit","MN.Minneapolis","NC.Charlotte","NV.Las.Vegas","NY.New.York","OH.Cleveland","OR.Portland","TX.Dallas","WA.Seattle","Composite.10","Composite.20"
"Jan-87",NA,59.43,54.79,46.96,50.35,64.41,68.55,77.44,NA,54.21,70.27,NA,NA,63.56,66.42,74.68,54.06,41.3,NA,NA,63.1,NA
"Feb-87",NA,59.89,55.22,47.3,50.16,65.13,68.92,78.1,NA,55.23,70.64,NA,NA,64.03,67.57,76.04,54.23,41.44,NA,NA,63.8,NA
"Mar-87",NA,60.4,55.49,47.84,50.38,66,69.39,77.69,NA,54.81,71.05,NA,NA,64.11,67.85,77.24,54.37,41.42,NA,NA,64.43,NA
"Apr-87",NA,61.32,56.05,47.98,50.74,66.64,69.46,77.82,NA,54.8,71.41,NA,NA,64.89,68.19,78.28,54.16,41.27,NA,NA,65.06,NA
"May-87",NA,62.03,56.46,48.31,50.76,67.44,69.75,77.97,NA,55.48,71.88,NA,NA,65.22,67.93,79.68,54.73,41.4,NA,NA,65.82,NA
"Jun-87",NA,62.78,56.79,48.61,50.43,68.52,69.47,78.68,NA,56.06,72.3,NA,NA,65.56,66.8,80.84,54.88,41.43,NA,NA,66.48,NA
"Jul-87",NA,63.46,57.08,49.08,50.2,69.39,69.64,78.99,NA,57.11,72.62,NA,NA,65.72,65.76,81.7,55.29,41.56,NA,NA,67.12,NA
"Aug-87",NA,64.13,57.38,49.54,50.12,70.25,69.8,78.95,NA,57.61,73.16,NA,NA,65.87,65.03,82.22,55.44,41.6,NA,NA,67.71,NA
"Sep-87",NA,64.89,57.84,50.24,50.06,71.4,70.57,79.04,NA,58.27,73.75,NA,NA,66.27,65.28,82.38,55.84,41.54,NA,NA,68.35,NA
"Oct-87",NA,65.77,58.3,50.99,50.15,72.32,71.02,78.87,NA,59.01,74.01,NA,NA,66.59,65.51,83.16,56.13,41.63,NA,NA,68.99,NA
"Nov-87",NA,66.71,58.9,51.64,49.73,73.16,71.42,79.02,NA,59.71,74.42,NA,NA,67.12,66.53,83.68,56.46,41.57,NA,NA,69.57,NA
"Dec-87",NA,67.78,59.4,52.23,49.85,73.59,71.46,79.36,NA,61.08,74.58,NA,NA,67.38,66.49,84.5,56.61,41.8,NA,NA,70.31,NA
"Jan-88",NA,68.78,60.02,52.7,49.55,74.4,71.68,79.5,NA,61.97,74.66,NA,NA,67.78,66.7,84.32,56.99,41.84,NA,NA,70.76,NA
"Feb-88",NA,69.71,60.49,53.2,49.49,75.29,71.83,79.43,NA,63.45,74.59,NA,NA,67.53,66.43,84.49,57.22,41.66,NA,NA,71.24,NA
"Mar-88",NA,70.7,61.28,53.87,49.06,76.39,72.35,79.24,NA,64.51,74.48,NA,NA,67.96,66.76,84.48,57.9,42.24,NA,NA,71.74,NA
"Apr-88",NA,71.48,61.44,54.53,48.74,77.3,72.72,79.66,NA,65.15,74.53,NA,NA,67.93,67.43,84.69,58.07,42.43,NA,NA,72.2,NA
"May-88",NA,72.48,61.85,56.07,48.35,78.38,73.1,79.95,NA,65.57,74.81,NA,NA,67.99,67.58,84.76,58.26,42.74,NA,NA,72.76,NA
"Jun-88",NA,74.39,61.44,57.88,48.17,79.34,73.71,80.18,NA,66.46,75,NA,NA,68.13,67.53,84.6,58.96,42.71,NA,NA,73.5,NA
"Jul-88",NA,76.92,64.59,58.17,48.22,80.78,74.11,80.51,NA,66.55,75.03,NA,NA,68.57,67.65,84.5,59.22,42.84,NA,NA,74.34,NA
"Aug-88",NA,78.67,65.29,58.5,48.25,81.93,74.68,80.71,NA,67.75,74.84,NA,NA,69.42,67.95,84.59,59.63,43.2,NA,NA,75.09,NA
"Sep-88",NA,80.61,66.08,58.94,48.21,83.16,75.25,80.63,NA,68.02,74.71,NA,NA,69.71,68.46,84.58,59.89,43.43,NA,NA,75.82,NA
"Oct-88",NA,82.38,67.18,59.95,48.03,83.67,75.6,80.73,NA,69.03,74.6,NA,NA,69.89,68.46,84.48,60.34,43.74,NA,NA,76.43,NA
"Nov-88",NA,84.41,68.43,61.11,47.75,84.63,75.96,80.61,NA,68.65,74.64,NA,NA,69.64,68.14,84.49,60.73,43.95,NA,NA,77.08,NA
"Dec-88",NA,85.82,69.83,62.47,47.44,85.93,76.22,80.9,NA,68.51,74.7,NA,NA,69.85,67.83,84.38,61.31,44.21,NA,NA,77.68,NA
"Jan-89",67.57,87.47,71.17,63.29,47.47,86.87,76.58,80.56,NA,68.33,74.52,NA,63.49,69.92,68.78,84.48,62,44.48,NA,NA,78.33,NA
"Feb-89",67.62,88.77,72.76,64.06,47.45,87.8,76.99,80.99,NA,69.01,75.17,NA,63.15,70.33,69.64,84.27,62.07,44.8,NA,NA,78.9,NA
"Mar-89",67.92,91.15,74.48,65.56,47.53,88.62,77.18,81.61,NA,70.07,75.55,NA,62.69,70.62,70.48,84.19,62.17,45,NA,NA,79.82,NA
"Apr-89",67.97,93.01,75.81,66.7,47.47,89.33,77.55,81.97,NA,70.65,75.39,NA,63.08,70.88,70,83.88,61.97,45.35,NA,NA,80.44,NA
"May-89",68.07,94.57,77.05,67.7,47.6,89.78,77.57,82.35,NA,70.51,75.04,NA,63.18,71.22,69.79,83.49,62.64,45.61,NA,NA,80.83,NA
"Jun-89",67.7,95.51,78.14,68.78,47.61,90.2,77.81,81.96,NA,70.52,74.52,NA,63.74,71.48,71.55,82.95,62.83,46.02,NA,NA,81.07,NA
"Jul-89",67.34,96.25,79.03,69.59,47.5,90.71,78.04,81.87,NA,70.33,74.18,NA,63.56,71.66,71.77,82.17,63.27,46.26,NA,NA,81.14,NA
"Aug-89",66.95,96.66,80.1,70.72,47.48,91.37,78.26,81.24,NA,70.37,73.44,NA,63.8,71.61,72.39,81.94,63.88,46.59,NA,NA,81.4,NA
"Sep-89",66.82,97.2,81.1,71.59,47.6,91.93,78.25,81.67,NA,70.18,73.01,NA,63.89,71.68,72.79,81.54,64.31,46.93,NA,NA,81.62,NA
"Oct-89",66.56,97.88,82.06,72.43,47.9,92.19,78.38,81.94,NA,70.06,72.72,NA,64.12,71.82,73.46,81.79,64.72,47.35,NA,NA,81.94,NA
"Nov-89",66.49,99,82.71,73.02,48.11,92.38,78.32,82.3,NA,69.87,72.99,NA,64.4,72.29,74.26,81.55,64.57,47.76,NA,NA,82.23,NA
"Dec-89",66.5,99.77,83.57,73.39,48.21,92.84,78.72,82.15,NA,69.68,73,NA,64.39,72.58,74.86,81.34,65.2,48.71,NA,NA,82.47,NA
"Jan-90",66.58,100.47,84.08,73.64,48.24,93.36,79.17,82.43,NA,69.36,73.1,NA,64.22,72.84,75.56,81.04,65.37,49.65,NA,58.89,82.65,NA
"Feb-90",66.7,100.76,84.74,73.82,48.36,93.66,79.67,82.74,NA,68.7,72.87,NA,64.01,73.01,75.64,80.98,65.98,50.57,NA,60.96,82.73,NA
"Mar-90",66.64,100.99,85.13,74.6,48.5,93.61,79.53,83.12,NA,68.9,72.19,NA,64.23,73.16,76.6,80.81,66.3,50.77,NA,62.95,82.76,NA
"Apr-90",66.78,100.99,85.55,75.07,48.52,93.59,79.44,82.75,NA,69.48,71.65,NA,64.47,73.46,77.27,80.21,66.92,51.46,NA,65.46,82.68,NA
"May-90",66.59,100.39,85.74,75.02,48.47,93.11,79.68,82.72,NA,70,70.69,NA,64.6,73.6,77.85,79.55,67.06,52.07,NA,66.55,82.33,NA
"Jun-90",66.6,100.11,85.75,74.59,48.58,92.63,79.86,82.44,NA,70.25,69.99,NA,64.58,74.04,78.73,78.93,67.61,53.39,NA,67.42,81.99,NA
"Jul-90",66.4,99.51,85.59,74.05,48.66,92.23,80.03,82.63,NA,70.66,69.36,NA,64.34,73.92,79.65,78.3,67.92,54.43,NA,67.58,81.57,NA
"Aug-90",66.26,99.05,85.34,73.75,48.67,91.84,79.87,82.43,NA,70.58,68.9,NA,64.08,73.99,80.58,77.55,68.24,55.56,NA,67.85,81.17,NA
"Sep-90",65.94,98.43,85.22,73.48,48.76,91.43,79.67,82.08,NA,70.94,68.6,NA,64.15,73.89,81,76.68,68.38,56.63,NA,67.51,80.77,NA
"Oct-90",65.81,98,84.92,72.91,48.67,91.26,79.44,81.67,NA,70.72,68.08,NA,64.42,73.92,81.55,76.31,68.47,57.01,NA,67.25,80.36,NA
"Nov-90",65.38,97.11,84.65,72.37,48.75,91.01,79.55,81.51,NA,70.96,67.12,NA,64.39,73.5,81.38,75.88,68.68,57.09,NA,66.93,79.91,NA
"Dec-90",65.45,96.55,84.03,71.86,48.73,90.94,79.35,81.78,NA,70.75,66.19,NA,64.54,73.51,81.7,75.62,68.79,56.82,NA,66.77,79.52,NA
"Jan-91",65.28,95.57,83.48,71.94,48.94,89.71,79.02,81.94,69.62,70.84,65.31,58.42,64.62,73.43,81.09,74.74,68.81,56.78,NA,66.26,78.87,NA
"Feb-91",65.48,94.7,82.56,71.13,48.98,89.26,78.72,82.12,69.47,71.1,64.75,58.13,64.54,73.35,82.06,74.11,68.81,57.32,NA,65.61,78.34,NA
"Mar-91",64.79,93.77,81.6,70.61,49.06,88.21,78.73,81.55,69.32,70.94,64.45,58.15,64.41,72.96,82.15,73.58,69.06,58.63,NA,65.13,77.71,NA
"Apr-91",64.63,93.74,81.21,69.91,49.31,87.92,78.74,81.55,69.72,71.24,64.03,58.22,64.29,73.18,82.24,73.05,69.5,58.77,NA,65.45,77.45,NA
"May-91",64.51,93.91,81.53,70.01,49.55,88.65,78.24,81.28,69.8,71.4,64.09,58.51,64.63,73.37,82.35,73.09,69.89,59.07,NA,65.75,77.6,NA
"Jun-91",64.93,94.06,81.89,70.28,49.89,88.94,78.52,81.66,70.05,71.32,64.06,58.81,64.83,73.43,82.27,73.46,70.18,59.33,NA,66.07,77.81,NA
"Jul-91",65.32,94.28,82.1,70.66,50.33,88.99,78.63,81.72,69.91,71.58,64.01,59.04,65.39,73.37,83.34,73.91,70.55,59.58,NA,66.25,78.09,NA
"Aug-91",65.56,94.26,81.94,70.83,50.51,88.61,79.39,81.89,70.09,71.79,64.1,59.19,65.68,73.23,83.64,74.24,70.65,59.72,NA,66.34,78.25,NA
"Sep-91",65.74,94.09,81.66,70.82,50.65,88.49,79.07,81.52,70.04,71.97,64.14,59.29,66,73.2,84.86,74.39,70.97,59.81,NA,66.41,78.27,NA
"Oct-91",65.72,93.88,81.66,70.71,50.83,88.42,79.1,81.4,70.14,72.18,64.11,59.54,65.64,73.41,82.99,74.56,71.07,60.29,NA,66.17,78.24,NA
"Nov-91",66.08,93.47,81.45,70.53,51.04,88.67,79.07,81.58,70.12,72.37,63.86,59.63,65.67,73.68,81.58,74.62,71.22,60.38,NA,66.18,78.15,NA
"Dec-91",66.04,93.14,81.34,70.45,51.32,88.47,78.98,81.81,70.01,73.01,63.81,59.76,65.87,73.83,82.83,74.77,71.25,61.22,NA,66.08,78.15,NA
"Jan-92",66.04,92.79,80.86,70.4,51.52,88.57,79.03,81.68,70.07,73.43,63.56,59.75,66.09,73.67,83.04,74.76,71.69,61.67,NA,66.32,78.07,NA
"Feb-92",66.07,92.57,80.57,70.34,52.28,88.22,78.66,80.76,70.17,73.72,63.56,59.84,66.54,73.66,83.5,74.82,72.06,61.99,NA,66.48,78.08,NA
"Mar-92",66.11,91.91,80.69,70.19,53.07,88.64,78.93,80.42,70.23,73.89,63.81,60.08,66.77,73.51,83.12,74.96,72.64,62.17,NA,66.81,78.01,NA
"Apr-92",66.09,91.44,80.68,69.69,53.58,88.84,79.17,80.72,70.22,73.23,64.4,60.53,66.94,73.55,83.01,75.17,72.55,62.12,NA,67.24,77.95,NA
"May-92",66.14,90.87,80.45,69.73,53.8,88.98,79.66,81.04,70.39,73.42,64.35,60.78,66.97,73.55,83.21,75.15,72.64,62.37,NA,67.3,77.89,NA
"Jun-92",66.13,90.17,79.91,69.49,53.95,88.87,79.79,81.13,70.5,74.13,64.15,60.84,67.2,73.54,83.13,75.06,72.77,62.47,NA,67.32,77.7,NA
"Jul-92",66.1,89.49,79.57,69.27,54.14,88.5,78.06,80.63,71.08,74.9,63.94,60.9,67.26,73.87,82.77,74.96,72.86,62.59,NA,67.32,77.43,NA
"Aug-92",66.17,88.93,79.27,68.96,54.39,88.48,77.82,80.39,71.13,74.98,63.97,61.05,67.39,74.05,82.4,75.11,73.17,63.06,NA,67.11,77.31,NA
"Sep-92",66.24,88.32,79.04,68.81,54.72,88.41,77.46,80.34,71.29,75.23,63.9,61.25,67.41,74.42,82.47,75.09,73.46,63.49,NA,66.9,77.15,NA
"Oct-92",66.43,87.36,78.16,68.83,54.82,88.59,79.33,81.31,71.03,75.55,64.03,61.24,67.7,74.25,82.96,75.05,73.79,63.94,NA,67.43,77.03,NA
"Nov-92",66.5,86.64,77.92,68.75,55.24,88.67,79.5,81.7,71.36,75.91,64.03,61.27,67.93,74.34,83.31,75.19,74.08,64.67,NA,67.59,76.96,NA
"Dec-92",66.68,85.82,77.48,68.58,55.6,88.81,79.85,81.58,71.43,75.85,64.47,61.42,68.05,74.47,82.89,75.4,74.38,64.93,NA,67.85,76.86,NA
"Jan-93",66.87,85.25,77.65,68.45,56.13,89.07,79.85,81.51,71.53,76.01,64.86,61.56,68.16,74.67,82.56,75.74,74.79,65.22,NA,68.21,76.89,NA
"Feb-93",67.02,84.66,76.99,68.29,56.43,89.28,80.04,81.54,71.53,76.01,64.95,61.68,68.02,74.82,83.01,75.89,74.8,65.42,NA,68.65,76.85,NA
"Mar-93",67.37,83.62,76.62,68.07,56.95,89.44,80.02,82.1,71.75,76.22,64.82,61.7,68.53,74.79,83.2,75.99,74.95,65.86,NA,68.79,76.6,NA
"Apr-93",67.53,82.79,75.91,67.99,57.15,88.94,80.33,82.49,72.23,76.32,64.71,61.93,68.89,74.73,82.8,76.07,75,66.56,NA,68.29,76.4,NA
"May-93",67.85,82.04,75.55,67.76,57.57,88.48,80.96,82.59,72.63,76.69,64.83,62.25,69.3,74.73,81.96,76.14,75.38,67.09,NA,67.86,76.27,NA
"Jun-93",67.99,81.43,75.05,67.47,58.18,88.65,81.35,82.29,72.83,77.29,65.15,62.67,69.3,75.07,81.92,76.33,75.65,67.76,NA,67.58,76.26,NA
"Jul-93",68.3,80.57,74.49,66.93,58.81,88.82,81.8,82.27,73.12,77.55,65.52,62.96,69.57,75.29,81.99,76.32,75.99,68.17,NA,67.55,76.09,NA
"Aug-93",68.45,79.48,74.18,66.95,59.53,88.92,82.03,82.61,73.27,77.63,65.73,63.23,69.86,75.36,82.4,76.28,76.11,68.23,NA,68.01,75.9,NA
"Sep-93",68.99,79.05,74.27,66.83,60.14,88.79,82.35,83.36,73.58,77.81,65.85,63.4,70.49,75.42,82.88,76.33,76.58,68.68,NA,68.72,75.87,NA
"Oct-93",69.29,78.38,74.26,66.77,60.84,88.62,82.61,83.67,73.77,78.11,65.88,63.77,70.81,75.72,83.14,76.5,76.99,69.22,NA,69.15,75.81,NA
"Nov-93",69.8,78.23,74.31,66.72,61.43,88.51,82.48,83.44,73.99,78.43,66.22,64.18,71.22,76.32,83.74,76.74,77.65,70.12,NA,69.66,75.9,NA
"Dec-93",70.13,77.57,74.11,66.63,62.24,88.84,82.71,82.88,74.37,79.11,66.52,64.39,71.21,76.86,83.8,76.8,78.26,70.66,NA,69.9,75.91,NA
"Jan-94",70.6,77.4,74.27,66.63,62.82,88.99,83.36,82.94,74.76,80.19,66.82,64.53,71.92,77.14,83.97,76.85,78.78,71.12,NA,70.57,76.06,NA
"Feb-94",71.03,77.44,74.11,66.65,63.48,89.02,84.35,83.49,75.36,80.17,67.07,64.66,72.37,77.29,83.76,76.91,79.03,71.59,NA,70.41,76.23,NA
"Mar-94",71.43,77.26,74.01,67.32,63.94,89.31,85.17,83.96,75.47,80.08,67.47,65.08,73.23,77.45,84.08,77.24,79.14,72.23,NA,70.38,76.41,NA
"Apr-94",71.92,77.09,74.02,67.42,64.55,89.48,85.07,83.91,75.52,80.2,68.03,65.26,73.14,77.68,84.4,77.59,79.16,72.73,NA,70.66,76.58,NA
"May-94",72.22,76.67,74.25,67.54,65.05,89.79,85.06,83.98,75.78,80.57,67.93,65.62,73.14,77.87,85.44,77.97,79.52,73.42,NA,71.22,76.69,NA
"Jun-94",72.48,76.44,74.44,67.61,65.61,90.09,85.29,83.96,76.05,80.62,68.13,65.96,72.91,78.2,85.93,78.06,79.72,73.86,NA,71.41,76.77,NA
"Jul-94",72.87,76.41,74.55,67.64,65.96,90.18,85.65,84.71,76.39,80.66,68.16,66.38,72.67,78.62,86.29,78.24,79.91,74.55,NA,71.48,76.87,NA
"Aug-94",73.27,76.41,74.19,67.68,66.3,90.08,86,85.02,76.58,80.91,68.29,66.73,72.76,79.14,86.07,78.34,80.15,75.08,NA,71.37,76.94,NA
"Sep-94",73.77,76.43,73.71,67.54,66.52,90.05,86.16,85.09,76.69,81.18,68.44,67.04,72.83,79.6,86.17,78.41,80.31,75.63,NA,71.47,76.97,NA
"Oct-94",74.14,76.55,73.73,67.79,66.86,90.04,86.26,84.81,77.12,81.62,68.66,67.32,73.03,79.79,86.28,78.45,80.67,75.82,NA,71.7,77.1,NA
"Nov-94",74.45,76.47,73.46,68.05,67.18,90.14,86.52,84.83,77.56,81.72,68.79,67.5,73.18,79.89,86.54,78.38,81.12,76.08,NA,72,77.13,NA
"Dec-94",74.9,76.39,73.44,68.31,67.57,89.95,86.84,85.29,78.04,81.86,68.78,67.94,72.9,80.23,87.22,78.49,81.35,76.32,NA,72.12,77.21,NA
"Jan-95",75.22,76.38,73.05,68.42,67.95,89.67,86.92,85.98,78.23,81.88,68.79,68.97,73.34,80.68,87.32,78.57,81.6,77.16,NA,72.5,77.2,NA
"Feb-95",75.6,76.02,73.16,68.32,68.31,89.6,86.71,85.88,78.55,82.15,69.01,70.83,73.96,81.22,87.59,78.78,81.6,77.55,NA,72,77.28,NA
"Mar-95",75.67,75.78,73,67.73,68.6,89.4,86.75,85.71,78.59,82.28,69.13,70.74,74.78,81.25,87.74,78.57,81.84,78.4,NA,71.96,77.06,NA
"Apr-95",75.92,75.36,72.92,67.41,68.73,89.13,86.71,85.72,78.61,82.35,68.98,70.19,75.12,81.59,88.27,78.45,82.22,78.16,NA,71.55,76.88,NA
"May-95",76.22,75.12,72.53,67.11,69.16,88.93,86.82,85.85,78.58,82.32,69.09,70.27,75.43,81.82,88.15,78.43,82.49,78.4,NA,71.57,76.77,NA
"Jun-95",76.79,74.56,72.1,66.92,69.37,88.67,86.96,86.41,78.63,82.52,69.39,70.56,75.58,82.38,88.03,78.43,83.24,79.16,NA,71.43,76.66,NA
"Jul-95",77.14,74.5,72.09,66.96,69.82,88.57,86.95,86.61,78.93,82.85,69.7,70.91,75.82,82.89,87.92,78.45,83.14,79.9,NA,71.98,76.7,NA
"Aug-95",77.45,74.28,72.14,67.02,70.16,88.65,87.26,86.85,79.32,83.11,70.03,71.37,76.06,83.43,88.33,78.44,83.66,80.91,NA,72.34,76.75,NA
"Sep-95",77.6,74.19,72.19,67.11,70.7,88.8,87.24,86.92,79.67,83.43,70.12,71.94,76.23,84.08,88.65,78.51,83.87,81.25,NA,72.61,76.82,NA
"Oct-95",78.02,74.09,72.11,66.97,71.06,88.76,87.45,87.1,79.98,83.51,70.14,72.39,75.7,84.5,88.92,78.67,84.34,81.78,NA,72.8,76.86,NA
"Nov-95",78.39,74.03,71.7,66.91,71.36,88.65,87.39,87.27,80.16,83.88,70.11,72.89,75.9,84.9,89.01,78.74,84.44,81.97,NA,72.96,76.88,NA
"Dec-95",78.86,73.94,71.81,66.85,71.64,88.64,87.52,87.13,80.47,83.96,70.27,73.21,76.14,85.28,89.13,78.85,84.62,82.68,NA,73.24,76.92,NA
"Jan-96",79.26,73.92,71.89,66.88,71.74,88.66,87.43,87.22,80.8,84.26,70.68,73.58,76.53,85.56,89.19,78.95,84.61,83.2,NA,73.17,76.99,NA
"Feb-96",79.71,73.84,72.04,66.9,71.96,88.54,87.52,87.39,81.28,83.92,70.96,74.15,76.7,86.07,89.5,79.22,85.05,84.01,NA,73.28,77.12,NA
"Mar-96",80.08,73.86,71.76,66.81,72.34,88.61,87.16,87.86,81.39,84.02,71.39,74.71,76.82,87.28,89.44,79.5,85.61,84.48,NA,73.74,77.17,NA
"Apr-96",80.48,73.86,71.82,66.69,72.9,88.87,87.34,88,81.67,84.83,71.66,75.41,76.73,87.99,89.77,79.61,86.24,85.21,NA,73.92,77.34,NA
"May-96",80.77,74,71.96,66.78,73.33,88.87,87.47,87.93,81.82,85.06,71.82,75.97,76.91,88.6,89.82,79.78,86.38,85.79,NA,73.9,77.47,NA
"Jun-96",81.02,74.15,71.83,67.02,73.34,88.78,87.57,87.88,82.07,85.21,72.08,76.51,77.34,88.38,90.22,79.37,86.61,86.26,NA,74.01,77.47,NA
"Jul-96",81.34,74.11,71.72,67.22,73.53,88.71,87.83,87.76,82.08,85.18,72.44,77.04,77.89,88.18,90.22,79.43,87,86.67,NA,73.99,77.51,NA
"Aug-96",81.61,74.05,71.39,67.54,73.54,88.64,87.84,87.9,82.41,85.31,72.93,77.59,78.15,88.28,90.11,79.56,87.27,86.98,NA,74.45,77.61,NA
"Sep-96",81.86,74,71.71,67.8,73.9,88.68,87.98,87.79,82.73,85.54,73.02,78.02,78.47,88.22,89.81,79.76,87.48,87.95,NA,74.28,77.75,NA
"Oct-96",82.07,74.18,71.83,68.26,74.26,88.82,87.94,88.21,83.04,85.81,73.32,78.58,78.85,88.47,89.66,79.89,87.62,89,NA,74.68,77.95,NA
"Nov-96",82.3,74.42,72.15,68.94,74.74,88.92,88.11,88.3,83.32,86.12,73.48,78.96,79.3,88.92,89.48,79.92,87.72,90.19,NA,74.72,78.18,NA
"Dec-96",82.48,74.52,72.22,69.21,75.19,88.67,88,88.72,83.42,86.45,74.2,79.17,79.59,89.27,90.14,80.2,87.96,90.75,NA,75.15,78.38,NA
"Jan-97",82.8,74.54,72.56,69.64,75.39,88.78,88.06,88.65,83.7,86.52,74.61,79.35,79.98,89.73,90.78,80.44,87.68,91.24,NA,75.73,78.57,NA
"Feb-97",83.18,74.4,72.75,69.84,75.76,88.97,88.07,88.65,83.88,86.53,74.91,79.24,79.97,89.89,91.63,80.59,88.48,92.22,NA,76.33,78.72,NA
"Mar-97",83.55,74.79,72.97,70.64,76.17,89.34,88.34,87.95,84.12,86.83,75.35,80.25,79.89,90.42,91.91,80.59,88.92,93.1,NA,76.87,78.99,NA
"Apr-97",83.95,75.27,73.25,71.26,76.59,88.92,88.55,88.44,84.51,86.92,75.73,80.97,79.67,90.37,91.63,80.67,88.83,93.53,NA,77.86,79.25,NA
"May-97",84.27,75.76,73.49,71.79,76.94,88.93,88.67,88.71,84.96,86.89,76.13,81.73,80.39,90.55,91.5,80.95,89,93.66,NA,78.78,79.53,NA
"Jun-97",84.39,76.19,74.05,72.31,77.35,88.97,88.75,88.82,85.13,86.89,76.49,82.22,80.73,90.66,91.72,81.39,88.82,93.03,NA,79.65,79.91,NA
"Jul-97",84.44,76.54,74.42,72.8,77.8,89.01,88.81,88.92,85.35,87.22,76.75,82.52,82.06,91.14,92.08,81.78,89.47,93.16,NA,80.67,80.22,NA
"Aug-97",84.56,77.16,75.01,73.57,78.31,89.12,88.89,89.23,85.55,87.56,77.07,82.84,82.26,91.42,92.49,81.94,89.4,92.88,NA,81.11,80.61,NA
"Sep-97",85.03,77.56,75.38,74.12,78.44,89.23,89.17,89.44,86.08,87.97,77.44,83.48,81.76,91.91,92.59,82.06,89.97,93.17,NA,81.69,80.91,NA
"Oct-97",85.64,78.23,76.2,75.04,78.82,89.54,89.59,89.51,86.43,88.33,78,84,82.1,92.36,92.89,82.34,89.7,92.95,NA,82.06,81.42,NA
"Nov-97",86.16,78.89,76.73,75.68,79.33,89.75,89.91,89.72,86.89,88.92,78.62,84.5,82.18,92.56,92.9,82.82,90.43,93.59,NA,82.77,81.96,NA
"Dec-97",86.56,79.91,78.09,76.5,80.04,89.97,90.33,90.09,87.19,89.38,79.28,84.75,82.59,92.64,93.2,83.27,90.67,93.94,NA,83.67,82.59,NA
"Jan-98",86.92,81.03,78.98,77.2,80.65,90.11,90.73,90.77,87.62,90.19,79.9,85.18,82.87,92.68,93.24,83.73,91.25,94.09,NA,84.48,83.26,NA
"Feb-98",87.43,82.19,79.89,77.68,81.01,90.22,91.06,91.08,87.99,90.54,80.57,85.74,83.51,92.95,93.59,84.41,91.62,94.13,NA,85.65,83.97,NA
"Mar-98",87.69,83.65,81.01,78.31,81.24,90.35,91.14,91.39,88.61,90.7,81.18,86.28,83.7,93,94.78,84.94,91.85,94.55,NA,86.3,84.62,NA
"Apr-98",88.13,84.4,82.08,79.13,81.76,90.55,91.23,91.49,89.16,90.67,81.95,86.95,84.3,93.16,94.77,85.42,92.09,94.97,NA,87,85.19,NA
"May-98",88.59,85.4,83.09,80.22,82.42,90.84,91.45,91.6,89.74,90.99,82.79,87.59,84.83,93.6,94.54,85.99,92.42,95.34,NA,87.58,85.86,NA
"Jun-98",89.25,86.45,84.05,81.39,83.08,91.3,92.03,91.88,90.16,91.56,83.68,88.06,85.35,94.01,94.23,86.48,93.08,95.7,NA,88.38,86.63,NA
"Jul-98",89.9,87.85,85.15,82.38,83.74,91.55,92.66,92.42,90.44,91.81,84.49,88.47,85.86,94.3,94.3,87.16,93.32,96.03,NA,89.16,87.43,NA
"Aug-98",90.23,88.93,86.18,83.52,84.55,91.78,92.91,92.67,90.76,92.15,85.28,89.01,86.37,94.62,94.41,87.67,93.55,96.43,NA,89.77,88.14,NA
"Sep-98",90.62,90.08,87.13,84.44,85.25,91.97,93.07,93.23,91.08,92.27,86.2,89.45,86.77,94.9,94.79,88.23,93.75,96.77,NA,90.48,88.85,NA
"Oct-98",90.94,90.77,87.71,84.96,86.05,92.4,93.14,93.27,91.86,92.52,86.58,89.98,87.41,95.4,94.88,88.74,94.05,97.09,NA,91.14,89.35,NA
"Nov-98",91.55,91.29,88.21,85.16,86.8,93.01,93.37,93.81,92.5,92.11,86.88,90.63,88.29,95.63,95.29,89.26,94.55,97.54,NA,91.82,89.73,NA
"Dec-98",92.2,91.78,88.9,85.4,87.43,93.51,93.57,93.79,93.07,92.66,87.79,91.5,89.04,96.03,95.63,89.56,94.91,98.08,NA,92.13,90.14,NA
"Jan-99",92.75,92.14,90.11,86.23,88.49,94.19,93.95,94.09,93.58,92.94,89.24,92.43,89.91,96.36,96.25,89.86,95.44,98.74,NA,92.71,90.71,NA
"Feb-99",93.33,92.72,91.13,87.22,89.46,94.43,94.43,94.46,94.08,93.52,90.56,93.06,90.57,96.67,96.79,90.51,95.79,99.24,NA,93.1,91.44,NA
"Mar-99",94.02,93.38,91.99,88.29,90.86,94.93,95.12,94.86,94.83,93.62,91.29,93.48,91.28,97.37,96.7,91.29,96.43,98.75,NA,93.88,92.13,NA
"Apr-99",94.73,94.38,92.49,89.09,91.69,95.52,95.85,95.47,95.13,94.65,92.15,93.63,92.29,98.08,96.86,92.27,96.88,98.82,NA,94.69,93.05,NA
"May-99",95.12,95.23,93.09,89.97,92.55,95.86,96.18,96.14,95.78,95.43,93,94.22,92.93,98.45,97.34,93,97.2,99.11,NA,95.43,93.75,NA
"Jun-99",95.59,96.03,94.07,91.28,93.39,96.59,96.08,96.56,96.25,96.32,93.8,94.89,93.72,98.79,97.95,94.03,97.28,99.6,NA,96.33,94.65,NA
"Jul-99",96.13,96.65,94.96,92.89,94.38,97.29,96.79,97.09,96.91,96.63,95.08,95.86,94.47,99,98.22,94.94,97.42,99.86,NA,96.76,95.5,NA
"Aug-99",96.88,97.17,95.89,94.28,95.56,98.01,97.28,97.45,97.32,97.17,96.08,96.59,95.64,99.24,98.18,96.02,97.92,100.14,NA,97.46,96.38,NA
"Sep-99",97.62,97.68,96.96,95.6,96.96,98.6,97.89,97.99,97.78,97.75,97.2,97.41,96.99,99.52,98.58,96.79,98.3,100.34,NA,98.2,97.2,NA
"Oct-99",98.29,98.33,98.02,96.76,98.04,98.99,97.95,98.67,98.49,98.66,98.21,98.01,98.06,99.46,98.99,97.59,98.89,100.67,NA,99.21,97.98,NA
"Nov-99",98.96,99.24,99.07,98.51,98.85,99.46,98.55,98.97,99.08,99.4,99.27,98.67,98.86,99.55,99.54,98.4,99.61,100.48,NA,100.05,98.89,NA
"Dec-99",99.64,100.33,100.07,100.03,99.67,100.09,99.32,99.69,99.92,100.14,100.36,99.48,99.62,100.2,99.85,99.35,100.05,100.53,NA,100.53,99.87,NA
"Jan-00",100.41,101.03,101.1,101.45,100.66,100.87,99.94,100.08,100.37,100.56,100.92,100.15,100.19,100.66,100.4,100.34,100.53,100.59,100.71,101.08,100.75,100.59
"Feb-00",100.94,102.04,102.41,104.17,101.65,101.7,100.47,100.79,101.3,101.41,101.89,100.87,100.97,101.1,100.9,101.24,100.51,101.25,103.03,101.66,101.89,101.69
"Mar-00",101.71,103.22,104.09,107.34,102.73,102.89,101.09,101.44,101.76,102.43,102.65,101.37,101.63,101.14,101.44,102.06,101.17,101.55,102.71,102.94,103.15,102.78
"Apr-00",102.27,104.16,105.71,110.63,103.54,103.95,102.01,102.31,102.69,103.41,104.35,101.76,102.97,102.27,101.59,103.13,101.74,102.18,103.28,103.48,104.53,104
"May-00",102.99,104.92,107.13,113.8,105.3,104.92,102.75,103.39,103.26,104.39,106.01,102.58,104.41,102.24,102.05,104.92,102.16,102.08,103.72,104.22,106.01,105.25
"Jun-00",103.7,105.69,108.97,116.82,106.91,105.72,103.41,104.23,104.13,105.51,107.93,103.28,105.61,102.69,102.28,106.06,102.04,102.19,103.62,104.43,107.34,106.4
"Jul-00",104.08,106.33,110.32,117.86,108.3,106.71,103.7,105.03,104.31,106.03,108.92,103.99,106.39,102.25,102.67,107.02,101.93,102.4,104.05,104.94,108.17,107.13
"Aug-00",104.5,106.97,111.67,119.05,109.3,107.79,104.36,105.42,104.69,106.42,110.13,104.23,107.36,102.53,103.22,108.03,102.19,102.65,104.36,105.22,109.07,107.86
"Sep-00",104.97,107.89,112.66,120.41,110.55,108.99,105.11,105.91,104.77,106.71,111.37,104.65,108.47,102.52,103.89,108.83,102.52,102.81,105.07,105.63,110.03,108.61
"Oct-00",105.33,108.81,113.47,123.25,111.73,109.87,106.1,106.51,105.41,106.98,112.97,105.06,109.63,102.86,104.68,109.79,103.2,103.03,105.51,105.82,111.17,109.49
"Nov-00",105.8,109.98,115.25,126.44,113.1,111.09,107.4,108.19,106.03,107.47,114.77,106.1,111.16,103.17,105.04,110.64,103.56,103.34,106.28,106.4,112.5,110.57
"Dec-00",106.01,110.72,116.96,130.06,114.54,112.4,108.66,109.81,106.57,108.15,116.95,106.68,111.73,103,105.52,111.84,104.22,104.11,106.57,107.29,113.93,111.8
"Jan-01",106.4,112.03,118.9,133.04,115.51,113.79,110.24,110.9,107.06,108.92,118.84,107.33,113.35,103.54,105.77,112.94,104.54,104.6,107.24,107.77,115.43,113.05
"Feb-01",106.88,112.9,120.14,135.08,116.88,115.39,111.07,111.7,107.44,109.52,120.41,107.5,114.5,103.87,106.17,114.25,104.85,104.86,108.37,107.91,116.69,114.13
"Mar-01",107.46,114.18,122.32,134.94,117.24,116.84,112.27,112.4,107.91,110.36,121.56,108.04,116.39,104,106.99,115.31,104.97,105.09,109.08,108.14,117.72,115.09
"Apr-01",108.08,114.64,123.36,133.86,118.52,118.63,113.53,113.46,108.34,111.29,122.74,108.39,117.27,103.87,107.95,116.36,104.79,105.42,109.9,109.03,118.5,115.84
"May-01",108.7,115.26,124.28,132.66,119.25,119.26,114.78,113.76,108.64,112.09,123.18,108.86,118.28,104.22,108.74,116.98,105.25,105.96,110.06,109.24,118.95,116.3
"Jun-01",109.02,115.74,124.52,130.83,119.97,120.25,115.91,115.2,109.3,113.22,124.44,109.14,119.68,104.32,109.51,118.07,105.68,106.59,110.48,109.74,119.5,116.9
"Jul-01",109.51,116.38,125.29,129.28,120.39,121.08,117.13,116.16,109.67,114.21,125.6,109.66,121.26,104.84,110.3,119.23,106.48,107.35,110.42,109.99,120.1,117.5
"Aug-01",109.86,117.36,125.87,128.33,120.96,122.09,118.29,117.85,110.18,115.25,126.94,110.41,122.12,104.63,110.97,120.59,106.98,108.02,110.63,110.55,120.95,118.25
"Sep-01",110.28,118.34,126.98,128.18,121.51,123.1,119.52,118.13,110.66,116.09,128.15,110.85,123.2,104.73,111.7,121.98,107.27,108.34,110.52,111.21,121.95,119.03
"Oct-01",110.75,119.32,128.15,128.21,121.7,124.13,121.09,118.88,111.04,116.52,129.13,111.11,124.1,104.53,112.08,123.1,107.01,108.54,111.2,111.6,122.81,119.69
"Nov-01",111.1,120.3,129.34,127.68,121.64,125.05,122.7,119.55,111.17,116.8,130.18,110.93,125.28,104.5,112.97,124.41,106.77,108.44,111.45,112.04,123.62,120.27
"Dec-01",111.65,121.29,129.99,126.84,121.62,126.18,123.76,119.89,111.29,117.09,130.51,111.25,125.97,104.61,113.52,124.58,106.37,108.41,111.99,112.07,124.02,120.67
"Jan-02",112.16,122.7,130.32,126.84,122.1,127.25,124.5,120.4,111.66,117.5,131.35,111.47,126.42,104.78,114.45,125.38,106.87,108.93,112.54,112.84,124.83,121.36
"Feb-02",112.79,123.99,131.73,127.61,122.39,128.82,125.43,120.7,112.29,118.12,131.77,112.14,126.98,105.26,115,126.1,107.42,109.53,112.75,113.26,125.76,122.19
"Mar-02",113.21,125.46,133.19,129.56,123.1,130.14,126.65,122.95,112.78,118.73,132.97,112.33,128.13,105.61,115.41,127.31,107.97,111.12,113.24,113.57,127.03,123.32
"Apr-02",113.68,126.85,135.65,132.11,123.33,131.63,128.09,123.71,112.75,119.64,134.53,112.31,129,106.16,115.4,128.69,108.36,111.06,113.37,113.52,128.54,124.51
"May-02",114.19,128.69,138.13,134.75,124.01,133.29,129.8,124.94,112.93,120.34,136.68,112.83,130.22,106.14,115.87,130.48,108.59,111.53,113.47,113.73,130.34,125.92
"Jun-02",114.68,130.78,140.54,137.57,124.25,134.84,131.57,125.6,113.25,121.05,138.77,113.38,131.2,106.21,116.34,132.49,109.15,111.3,113.19,114.05,132.22,127.39
"Jul-02",115,132.86,142.88,139.38,124.68,137,133.48,126.85,113.66,121.86,140.54,114.03,132.29,106.15,116.83,134.86,109.46,112.28,113.18,114.46,134.1,128.88
"Aug-02",115.29,135.09,145.71,141.11,124.61,138.96,134.91,127.76,114.02,122.63,142.31,114.55,133.28,106.73,117.27,137.01,109.49,112.02,113.56,114.76,135.96,130.31
"Sep-02",115.54,137.24,148.05,141.85,124.67,140.8,136.58,128.57,114.16,123.48,144.2,114.8,133.9,107.06,117.81,138.83,109.41,112.21,113.74,115.05,137.61,131.53
"Oct-02",115.82,139.72,150.59,142.82,125,142.45,138.26,129.2,114.58,124.34,145.85,114.88,135.26,107.31,119.16,140.8,109.58,112.34,113.86,115.44,139.37,132.85
"Nov-02",116.24,141.82,153.03,143.63,125.55,143.87,139.83,130.26,114.92,125.31,147.41,115.53,136.13,107.33,120.6,142.84,109.77,113.01,113.86,115.91,141.01,134.1
"Dec-02",116.7,143.98,155.19,143.82,125.71,145.59,141.7,131.83,115.25,126.36,147.86,115.61,137.91,107.71,122,144.92,110.23,113.81,114.19,116.63,142.56,135.4
"Jan-03",117.71,145.75,157.29,143.73,125.62,146.68,143.77,133.27,115.65,127.22,148.52,115.71,138.86,108.38,122.92,146.64,110.89,114.62,114.71,116.84,143.86,136.47
"Feb-03",118.61,147.3,158.5,143.85,125.6,147.93,145.87,134.66,115.97,128.21,149.7,115.33,140.04,108.75,123.74,147.94,111.7,115.4,114.82,117.48,145.04,137.45
"Mar-03",119.56,148.88,159.7,143.95,126.11,148.71,147.39,135.51,116.76,129.49,150.97,116.15,140.57,108.43,124.34,149.19,112.05,115.97,113.96,117.98,146.13,138.38
"Apr-03",119.9,150.48,161.1,144.3,125.92,149.94,148.69,136.63,116.57,129.79,151.64,117.11,141.53,107.99,125.29,150.33,112.6,116.4,113.58,118.47,147.15,139.25
"May-03",120.28,152.29,162.58,144.37,125.78,151.37,149.8,138.11,116.85,130.53,151.88,118.12,142.25,107.71,125.97,151.48,112.98,116.93,113.63,118.89,148.19,140.15
"Jun-03",120.67,154.08,164.2,144.84,125.08,153,150.72,138.67,116.82,131.03,152.38,117.84,142.59,108.04,126.95,152.24,113.36,117.67,114.16,119.36,149.13,140.92
"Jul-03",121.29,157.03,166.37,146.18,125.17,154.71,152.78,139.35,117.04,131.7,152.9,117.8,143.8,108.15,128.36,153.29,113.79,118.32,114.35,119.97,150.65,142.12
"Aug-03",122.1,160.11,169.43,147.8,125.6,156.8,155.05,139.71,117.32,132.19,153.57,117.84,144.78,108.67,130.43,154.53,114.42,118.88,114.36,121.02,152.45,143.55
"Sep-03",123.04,163.59,173.16,149.64,125.83,159.26,157.05,141.86,117.72,133.28,154.61,118.13,145.89,108.61,132.7,156.36,115.09,119.46,114.39,121.71,154.66,145.26
"Oct-03",123.91,167.06,177.16,151.55,126.3,161.69,159.08,143.29,118,134.44,155.89,118.81,146.96,109.96,135.7,157.98,115.73,120.34,114.5,122.84,156.82,146.99
"Nov-03",124.97,170.73,181.09,153.72,126.79,164.16,160.75,144.88,118.45,135.65,157.68,119.13,148.03,110.6,138.79,160.02,116.16,121.41,114.63,123.52,159.17,148.82
"Dec-03",126.23,174.78,185.04,155.98,127.26,166.52,162.6,145.23,118.69,137.04,159.3,119.45,148.75,111.19,143.06,161.9,116.36,122.39,114.42,124.83,161.64,150.76
"Jan-04",127.29,178.77,188.63,157.83,128.08,169.53,164.82,148,119.3,138.02,160.56,119.78,150,110.49,147.24,163.65,116.45,123.14,114.93,125.58,164,152.62
"Feb-04",128.4,182.91,192.67,159.95,128.64,171.76,167.04,149.51,119.58,138.76,161.99,119.99,151.26,110.7,151.62,165.46,116.85,123.93,115.36,126.58,166.41,154.53
"Mar-04",129.64,188.79,199.06,162.21,129.25,174.67,170.31,152.67,120.2,139.62,163.26,120.89,152.79,111.29,159.84,167.44,117.1,124.13,114.49,127.49,169.46,156.92
"Apr-04",130.94,194.5,204.93,164.53,129.29,177.86,173.09,153.24,120.83,140.19,165.54,121.34,154.48,112.1,167.51,169.11,118.02,125.69,114.71,128.6,172.5,159.36
"May-04",132.45,199.75,211.09,166.8,129.31,182,176.65,155.36,120.94,141.47,166.18,122.19,154.93,112.52,175.43,171.13,117.88,126.63,115.15,129.88,175.54,161.75
"Jun-04",133.93,205.31,216.73,169.84,129.85,186.73,179.84,157.84,120.9,142.32,167.52,121.83,156.23,112.62,185.02,173.34,117.92,127.52,115.51,131.1,178.84,164.31
"Jul-04",135.81,209.32,221.89,172.12,129.97,189.9,183.32,159.95,121.29,143.25,168.15,121.61,156.54,112.74,193.61,175.64,117.92,128.46,115.78,132.27,181.53,166.39
"Aug-04",137.57,211.17,225.13,174.54,130.35,193.06,186.7,162.59,121.73,143.86,169.29,121.61,157.31,112.52,199.4,177.4,118.08,129.64,115.91,133.13,183.56,168.07
"Sep-04",140.57,212.73,228.01,177.05,130.51,196.12,190.35,165.07,122.25,145.18,170.16,121.81,157.31,112.6,203.02,179.1,118.53,131.17,115.94,134.26,185.52,169.65
"Oct-04",143.8,213.87,230.27,180.04,131.27,199.56,193.54,167.97,122.67,146.16,172.03,122.13,158.17,113.05,205.27,181.13,118.63,132.73,116.22,135.24,187.45,171.3
"Nov-04",147.69,215.94,231.74,183.26,131.87,203.15,197.06,170.59,123.24,147.25,173.05,122.46,158.85,113.81,206.85,182.94,119.32,134.1,116.46,137.28,189.49,173.09
"Dec-04",152.12,218.11,234.27,187.09,132.75,206.97,200.86,173.56,123.95,148.56,174.32,122.72,159.66,114.75,208.14,184.61,119.75,135.21,117.03,139.1,191.76,175.08
"Jan-05",156.33,221.45,236.71,191.59,133.4,210.79,205.32,177.23,124.64,150.03,175.74,123.27,161.39,115.12,209.16,187.18,121.12,136.78,117.55,141.61,194.59,177.54
"Feb-05",161.66,225.2,239.03,196.01,134.38,215.14,210.02,180.82,125.45,151.81,177.94,123.95,162.67,115.64,211.65,189.81,121.9,138.29,118.27,143.02,197.77,180.24
"Mar-05",167.81,229.75,239.92,200.46,134.66,221.02,215.95,185.28,126.23,154,179.47,124.66,163.76,115.45,213.67,193.11,121.64,140.13,118.94,145.28,201.24,183.19
"Apr-05",174.66,233.45,241.3,202.32,135.09,225.77,222.32,188.46,126.97,154.61,180.5,125.47,165.13,115.48,216.19,195.09,121.89,142.12,119.03,146.78,203.85,185.52
"May-05",181.12,237.13,242.34,204.83,135.13,229.72,227.76,192.01,127.3,155.26,180.72,126.52,165.17,116.02,218,196.71,121.91,144.49,119.28,148.79,206.09,187.55
"Jun-05",188.97,240.63,243.66,207.21,134.94,233.78,233.96,196.81,127.83,156.08,180.09,125.92,165.42,116.99,219.49,198.18,121.61,147.58,119.01,150.81,208.23,189.54
"Jul-05",196.18,244.31,244.54,209.38,134.98,236.81,239.23,201.13,127.78,156.65,180.02,125.27,165.21,117.7,220.47,199.81,121.45,150.43,119.38,152.85,210.29,191.38
"Aug-05",203.02,248.32,245.51,210.72,135.23,239.03,244.94,206.4,127.94,156.59,179.71,124.69,165.32,118.52,222.03,201.71,121.43,153.43,119.56,155.13,212.37,193.37
"Sep-05",209.58,252.87,245.97,212.77,135.9,241.39,250.62,211.71,127.96,157.99,180.16,124.67,165.6,118.6,223.78,204.04,121.65,156.48,120.33,157.58,214.97,195.62
"Oct-05",213.59,257.75,247.72,214.12,136.6,243.79,255.87,217.9,128.77,159.16,179.96,125.15,166.89,119.93,225.58,206.69,121.99,159.09,120.92,159.84,217.47,197.88
"Nov-05",217.36,261.48,249.52,215.42,137.21,246.2,259.9,222.57,129.75,161.34,180.8,125.71,168.24,120.36,227.89,209.34,122.49,161.77,122.1,162.45,219.94,200.14
"Dec-05",220.1,265.37,249.81,216.36,137.9,248.42,263.88,225.99,130.7,162.56,180.44,126.36,169.3,121.54,229.8,212.07,122.83,164.21,122.82,164.79,222.17,202.16
"Jan-06",222.99,268.15,250.56,217.34,138.81,250.24,267.92,229.42,131.7,164.44,180.59,126.88,170.1,121.02,232.27,213.51,123.34,167.1,123.44,167.38,223.83,203.75
"Feb-06",225.25,271.22,251.38,218.79,139.32,251.95,271.97,232.27,132.32,165.89,179.55,127.31,171.46,122.12,234.35,215.07,123.3,169.68,123.49,169.4,225.61,205.34
"Mar-06",226.54,272.07,251.7,219.27,139.36,252.84,275.04,236.03,132.66,167.98,180.06,127.68,172.28,122.81,235.24,215.6,122.99,172.49,123.47,171.74,226.38,206.13
"Apr-06",227.83,273.1,251.33,218.86,138.82,252.3,278.1,237.97,132.91,167.57,179.36,125.93,173.85,124.17,235.76,216.26,122.37,174.07,123.22,173.11,226.93,206.67
"May-06",228.1,273,249.69,218.08,138.74,251.18,280.11,239.03,133.05,167.67,178.34,125.35,172.84,124.59,235.43,216.59,121.86,175.38,123.1,174.73,226.69,206.55
"Jun-06",227.6,272.35,247.93,216.57,138.44,249.33,279.23,238.01,133.14,167.21,176.51,123.85,171.47,125.3,233.8,216.19,121.95,176.73,123.27,176.59,225.7,205.82
"Jul-06",226.15,271.56,246.03,215.12,138.36,247.14,278.5,236.99,133.19,166.61,175.62,122.64,169.3,126.34,233.09,215.07,121.87,177.78,123.57,178.34,224.58,204.96
"Aug-06",224.55,270.7,244.14,214.32,137.8,244.49,276.07,235.47,133.12,166.17,174.95,121.62,168.38,127.05,232.42,213.42,121.22,178.92,123.72,179.83,223.37,204.14
"Sep-06",222.93,270.48,243.4,213.67,137.61,241.74,276.23,234.15,133.08,166.53,173.88,120.67,167.38,127.81,231.89,213.02,120.5,179.54,123.65,181.11,222.85,203.6
"Oct-06",221.61,271.01,242.1,213.36,137.34,241.81,277.47,232.36,133.61,166.51,173.66,120.4,167.43,128.07,231.3,213.07,120.16,179.9,123.66,182.1,222.79,203.55
"Nov-06",220.89,271.62,241.41,213.09,137.29,241.49,278.68,231.27,134.08,166.53,171.88,119.88,167.31,129.09,231.36,213.19,119.94,180.37,123.8,183.34,222.86,203.62
"Dec-06",220.52,270.22,239.25,213.05,137.61,241.37,279.54,230.04,134.63,166.77,171.27,118.67,167.59,129.77,231.59,213.27,119.72,180.37,124.47,184.64,222.52,203.43
"Jan-07",221.35,270.68,240.11,214.5,137.58,241.32,278.83,229.53,134.94,168.23,170.52,118.16,168.68,130.75,231.9,212.88,120.05,181.88,124.48,186.31,222.65,203.69
"Feb-07",220.88,270.09,238.89,214.78,137.51,241.69,279.67,230.4,135.53,169.41,171.26,117.87,169.59,131.26,231.71,213.29,120.31,183.04,125.23,187.8,222.91,204.01
"Mar-07",220.28,268.71,236.63,215.28,137.01,241.46,278.56,229.67,135.83,171.18,171.87,118.31,170.09,132.09,231.24,214.12,120.47,185.01,125.47,189.49,222.71,203.9
"Apr-07",218.26,266.48,234.67,213.63,136.57,238.6,276.07,226.76,136.07,168.59,171.7,116.58,170.04,132.97,228.72,213.23,119.29,185.44,125.69,190.01,221.45,202.92
"May-07",215.74,264.37,232.43,210.92,136.79,235.88,271.6,223.2,135.43,167.32,170.97,114.01,167.54,133.23,226.12,211.85,118.47,185.4,125.26,190.66,219.39,201.13
"Jun-07",212.78,261.55,229.94,208.06,136.82,232.51,266.2,219.57,135.03,166.11,169.74,111.58,164.89,133.66,222.36,209.72,117.17,184.66,124.99,190.51,216.85,198.9
"Jul-07",209.54,258.6,226.69,205.8,137,229.47,260.24,215.59,134.19,164.75,169.27,111.11,162.9,133.69,219.17,207.93,116.76,184.29,124.17,190.34,214.53,196.9
"Aug-07",206.41,255.04,223.61,204.59,136.81,226.55,254.05,211.15,133.66,163.35,168.05,109.8,161.25,133.89,214.97,205.72,115.79,183.55,123.99,189.71,212.12,194.97
"Sep-07",203.03,251.37,219.84,203.19,136.18,225.93,248.28,207.5,133.12,161.54,168.09,108.59,159.74,133.7,211.09,204.96,115.46,183.33,123.71,189.27,210.14,193.16
"Oct-07",197.85,247,215.38,199.63,134.69,225.43,242.9,204.67,132.6,160.34,167.32,106.63,158.4,133.49,206.28,204.04,114.61,183.21,123.42,187.85,207.66,190.97
"Nov-07",192.12,238.86,209.08,194.4,132.96,222.9,236.18,201.9,131.33,159.6,166.88,104.21,156.3,132.86,200.6,203.34,112.85,182.54,122.36,186.28,204.09,187.83
"Dec-07",186.57,232.92,203.36,189.78,131.54,219.06,230.3,199.35,130.36,159.03,165.46,102.45,154.35,132.9,195.7,201.7,112.26,182.44,121.72,185.53,200.67,184.98
"Jan-08",180.98,225.9,199.86,186.42,130.91,215.46,224.81,195.52,129.6,157.38,164.66,100.33,151.95,133.18,186.75,200.71,110.02,181,120.55,184.32,197.3,182.01
"Feb-08",175.08,217.67,193.14,178.67,130.44,211.52,219.01,190.71,128.55,155.8,163.46,98.59,149.07,133.42,178.49,199.35,109.63,179.57,120.42,183.1,193.03,178.45
"Mar-08",169.92,210.53,188.06,172.54,130.42,207.69,210.76,185.33,127.4,155.1,162.27,97.58,147.18,133.27,171.19,198.67,109.49,177.98,121.55,181.73,189.09,175.05
"Apr-08",164.1,205.2,182.24,166.93,130.23,203.82,203,181.07,125.53,153.65,161.07,96.2,144.96,132.93,167.32,196.59,111.36,176.99,121.55,180.87,186.02,172.54
"May-08",158.82,199.63,178.6,162.84,130.15,200.03,195.18,178.31,124.65,151.97,160.67,94.65,143.6,132.93,162.32,195.83,109.01,175.7,121.35,178.7,182.76,169.74
"Jun-08",153.43,195.43,174.4,158.71,130.18,196.35,190.99,175.19,123.37,150.23,160.58,93.49,142.01,131.95,159.46,194.88,108.35,173.94,120.83,176.86,180.11,167.3
"Jul-08",148.18,190.83,169.88,154.38,130.27,192.96,186.43,173.33,122.1,147.73,159.77,92.4,140.98,131.19,154.38,192.95,107.24,171.88,120.84,174.48,176.91,164.52
"Aug-08",143.07,186.88,165.75,148.25,129.56,190.58,182.12,172.34,121.25,146.69,159.58,90.49,138.36,129.99,149.83,191.42,107.71,169.38,120.51,172.75,174.23,162.23
"Sep-08",138.18,181.9,161.91,142.82,128.67,186.84,177.35,168.7,120.19,144.4,158.27,87.87,136.23,128.94,145.38,189.89,107.98,167.46,120.27,170.43,170.81,159.15
"Oct-08",133.13,178.01,157.92,137.49,127.58,182.8,172.2,163.86,118.64,142.34,157.31,84.63,132.34,127.52,141.04,187.92,107.51,164.66,119.53,168.43,167.76,156.24
"Nov-08",128.78,174.57,155.1,134.35,127.22,179.33,168.12,159.58,116.63,139.39,154.68,82.55,130.28,125.79,136.94,185.54,106.99,161.59,118.26,165.26,164.92,153.51
"Dec-08",123.06,171.17,152.78,130.36,126.39,176.08,163.89,155.44,113.83,136.28,153.84,80.21,125.04,123.35,130.92,183.24,105.49,158.33,116.48,160.74,162.05,150.52
"Jan-09",117.71,167.56,150.07,126.35,124.42,173.9,158.52,150.16,111.32,131.88,152.54,77.59,121.32,122.47,125.9,181.39,104.6,155.74,114.74,156.93,159.01,147.51
"Feb-09",113.54,165.39,149.09,123.79,123.41,171.24,154.6,147.4,109.15,129.09,151.8,75.34,119.45,121.18,121.83,179.14,100.6,153.91,114.99,155.18,156.9,145.44
"Mar-09",108.95,163.65,146.59,121.1,123.45,169.92,150.47,144.24,107.93,127.22,149.76,72.8,114.07,121.02,117.76,175.96,99.95,151.07,114.95,152.3,154.19,142.66
"Apr-09",106.4,161.73,145.85,120.46,123.84,169.74,148.14,142.75,107.21,125.51,149.02,72.17,113.72,119.81,113.55,172.66,99.8,148.84,115.48,150.63,153.03,141.73
"May-09",104.61,160.15,145.55,120.29,124.12,170.39,146.36,141.36,106.21,125.78,149.34,71.73,112.93,119.57,110.49,172.87,102.24,147.1,116.24,148.98,152.39,141.11
"Jun-09",104.91,160.73,146.57,123.73,125.27,172.1,146.31,140.8,106.31,124.98,150.88,70.08,114.02,119.11,107.88,172.37,104.87,147.5,117.92,148.25,152.97,141.51
"Jul-09",105.99,162.44,148.9,126.51,126.32,173.96,146.69,141.09,107.32,126.28,151.54,69.49,116.83,119.31,106.04,172.94,105.55,147.87,118.69,147.53,154.17,142.46
"Aug-09",107.12,164.52,150.99,129.31,126.89,175.87,147.44,141.44,108.12,127.71,152.52,69.77,119.05,118.7,105.11,172.64,104.33,148.02,118.82,147.25,155.51,143.64
"Sep-09",107.97,165.57,152.71,131.38,127.13,177.34,148.22,140.22,108.78,128.39,152.84,70.66,120.76,118.46,103.85,172.85,103.86,147.72,118.76,146.74,156.11,144.09
"Oct-09",108.99,166.76,154.2,133.75,127.37,177.87,147.95,138.76,109.1,127.44,152.92,71.49,121.14,118.57,103.45,172.53,103.79,148.23,118.83,147.36,156.77,144.67
"Nov-09",110.33,168.37,155.7,135.6,127.81,178.13,147.64,138.54,109.64,127.43,153.78,71.61,121.64,118.82,103.29,171.75,104.32,149.41,120.02,147.52,157.29,145.18
"Dec-09",111.59,171.12,156.84,136.53,127.91,179.33,147.57,138.37,109.57,126.48,154.55,71.98,122.37,118.72,103.89,171.79,104.24,149.72,120.01,148.06,158.11,145.89
"Jan-10",112.32,174.01,158.87,137.94,127.88,179.48,147.94,139.24,109.13,126.29,154.75,71.96,123.65,118.67,103.85,172.02,105.15,149.19,119.63,147.67,159.03,146.58
"Feb-10",111.68,174.22,160.41,139.05,128.15,180.19,148.05,138.81,108.35,125.68,154.57,71.35,123.38,118.16,103.9,172.1,104.66,146.67,118.19,146.64,159.42,146.65
"Mar-10",111.67,173.54,162.4,141.07,128.64,180.03,148.13,139.36,106.83,124.97,155.85,69.76,122.64,116.33,103.62,171.93,106.85,147.14,118.61,147.11,159.22,146.19
"Apr-10",112.19,174.42,163.03,142.39,129.26,182.39,147.75,139.55,107.55,123.89,156.51,70.3,125.55,117.23,103.91,171.07,106.71,148.39,119.5,146.48,160.36,147.4
"May-10",112.18,175.79,163.68,142.3,128.53,183.77,148.28,139.38,108.02,124.15,156.76,70.12,126.46,116.16,103.39,172.34,105.98,148.09,119.71,146.82,160.81,147.77
"Jun-10",111.16,175.49,163.07,141.32,127.35,184.52,147.87,138.33,108.17,124.8,155.77,70.6,126.06,115.8,102.39,172.83,105.59,147.75,119.15,145.49,160.63,147.45
"Jul-10",109.6,174.56,162.69,140.37,126.19,184.26,147.09,136.31,106.94,123.78,155.51,70.32,123.73,115.12,100.97,173.8,104.73,146.05,118.07,145.03,160.17,146.73
"Aug-10",107.57,173.28,161.4,139.13,125.37,182.87,145.75,135.37,105.6,123.66,154.61,69.47,121.88,114.57,100.41,172.22,103.72,144.49,116.66,143.57,159.13,145.74
"Sep-10",105.88,172.74,160.33,138.46,125.05,182.53,143.96,134.13,103.91,120.8,153.38,68.31,119.01,114.06,100.3,172.23,101.9,142.34,115.64,142.87,158.07,144.51
"Oct-10",104.33,172.35,158.76,136.61,125.03,182.56,142.84,133.35,102.42,118.89,152.6,67.81,117.76,113.64,99.77,169.46,101.04,140.56,115.14,141.25,156.91,143.38
"Nov-10",103.26,171.88,159.68,136.2,124.51,182.68,142.39,132.44,101.3,117.77,152.62,67.33,116.51,113.6,99.66,168.67,99.62,139.02,114.99,140.49,156.46,142.8
"Dec-10",102.25,170.73,159.5,136.11,124.84,183.48,142.08,130.26,101.04,117.25,153.29,67.6,116.2,113.28,98.94,167.97,100.64,137.96,115.84,139.2,156.02,142.43
"Jan-11",102.03,170.93,158.99,135.77,125.03,183.6,140.99,130.16,102.42,116.96,153.85,67.74,114.58,112.8,99.17,166.69,101.02,137.56,116.39,137.92,155.59,142.09
"Feb-11",102.25,170.63,157.53,134.52,124.94,183.83,139.08,129.97,103.35,116.4,153.05,68.35,113.23,112.24,98.71,166.15,101.65,136.48,116.77,135.82,155.06,141.71
"Mar-11",102.27,170.61,155.93,134.11,123.79,182.42,139.29,129.48,103.48,115.84,151.85,67.38,110.98,110.4,98.13,165.12,100.4,136.06,115.56,136.23,153.92,140.49
"Apr-11",102.33,170.81,156.09,134.59,123.98,181.48,139.69,128.75,103.6,113.42,149.99,66.99,111.56,111.51,97.5,166.11,99.94,134.86,114.61,136.44,154.81,141.27
"May-11",101.48,170.16,155.33,134.51,124.19,181.82,140.52,128.07,102.89,114.14,151.76,67.45,111.8,111.63,96.61,166.98,99.35,134.61,113.98,136.55,154.73,141.16
"Jun-11",100.84,169.5,154.4,133.67,124.1,181.42,140.34,128.2,102.75,115.45,152.36,69.99,112.37,112.14,96.29,166.77,99.05,133.61,113.95,136.17,154.42,140.94
"Jul-11",99.89,168.36,153,132.46,123.47,182.25,140.28,127.58,101.46,115.36,152.38,71.72,112.77,111.69,95.58,168.26,99.02,133.66,114.19,135.61,154.21,140.71
"Aug-11",99.27,167.18,152.44,131.57,123.32,181.51,138.99,127.35,98.78,116.42,151.77,71.42,111.67,111.44,94.61,167.09,98.67,133.48,114.41,134.82,153.6,140.22
"Sep-11",99.03,165.49,151.76,130.26,123.34,182.26,138.12,125.09,93.72,114.52,151.49,71.69,111.25,111.09,93,167.72,98.85,134.25,114.66,133.52,152.66,139.22
"Oct-11",98.99,163.91,151.69,130.18,123.83,180.23,137.04,125.14,90.49,113.06,151.02,71.27,110.83,110.68,91.28,165.31,98.67,133.93,114.48,132.44,151.59,138.24
"Nov-11",99.56,162.58,151.05,128.75,124.27,180.07,136.11,124.3,89.44,110.76,150.25,71.02,111.17,110.01,90.56,164.1,98.53,132.4,114.1,131.6,150.42,137.27
"Dec-11",101.06,161.88,150.92,128.82,124.37,178.96,136.72,124.75,88.19,109.72,149.29,70.06,111.17,110.06,90.2,162.56,98.24,132.5,114.35,131.46,149.61,136.67
"Jan-12",103.33,161.75,150.6,127.78,125.24,179.43,138.34,125.29,87.26,109.26,149.45,70.45,112.49,110.02,90.15,161.65,97.39,131.65,114.99,132.49,149.29,136.57
"Feb-12",105.61,161.8,151.47,129.18,125.56,178.64,140.22,126.29,85.52,108.45,149.41,70.53,113.87,110.24,90.26,160.98,97.23,132.38,115.66,131.92,149.41,136.78
"Mar-12",108.51,162.43,151.65,130.13,126.98,181.47,142.9,128.25,85.17,107.84,150.46,69.02,114.74,110.9,90.75,160.68,97.94,132.35,117.3,134.48,149.55,136.9
"",NA,NA,NA,NA,NA,NA,NA,NA,NA,NA,NA,NA,NA,NA,NA,NA,NA,NA,NA,NA,NA,NA
"",NA,NA,NA,NA,NA,NA,NA,NA,NA,NA,NA,NA,NA,NA,NA,NA,NA,NA,NA,NA,NA,NA
